168.16
168.83
166.76
163.36
165.3
162.23
168.58
166.56
163.02
161.56
159.31
157.53
153.34
151.65
151.01
151.02
146.47
148.71
147.62
145.08
146.74
150.43
147.07
138.29
140.76
146.44
145.97
142.5
145.19
147.92
147.52
143.97
135.65
148.5
152.07
148.09
146.19
152.12
156.02
150.52
154.49
151.99
153.81
155.18
152.65
152.02
153.46
155.33
150.76
153.02
154.58
153.42
152.57
151.98
155.27
155.09
151.07
142.72
151.49
155.85
142.32
138.17
133.48
136.87
142.56
141.71
141.15
138.57
147.85
147.2
149.95
148.53
145.37
152.66
149.02
157.24
155.78
157.56
160.46
161.03
169.19
168.75
167.48
168.14
170.24
170.77
171.74
174.41
174.88
176.59
174.5
180
180
180
180
180
180
180
180
180

