191.18
191.33
191.6
192.9
194.7
190.11
187.91
190.95
191.07
189.51
192.53
190.07
192.65
195.11
197.53
194.35
191.19
194.1
194.39
188.37
187.93
177.04
182.85
192.61
175.27
195.3
184.97
176.75
178.02
193.9
192.97
193.12
180.38
188.19
197.29
189.32
188.58
191.67
191.05
189.31
187.41
188.01
185.42
188.1
190.87
187.84
187.7
189.07
185.5
188.82
181.71
187.14
186.37
184.45
191.08
192.8
187.03
197.47
186.56
188.27
174.42
181.49
182.92
189.93
184.73
186.65
186.53
185.77
185.31
187.81
180
180
180
180
180
180
180
180
180
180
180
180
180
180
180
180
180
180
180
180
180
180
180
180
180
180
180
180
180
180
