129.68
144.83
133.94
131.62
127.25
129.22
130.86
131.55
131.37
130.23
132.3
131.85
129.5
130.56
129.69
127.21
119.78
136.71
140.58
152.93
166.8
150.85
149.89
144.33
166.94
151.34
143.66
136.04
186.32
173.3
147.02
173.29
176.3
157.36
155.14
167.08
156.81
161.7
161.3
159.73
168.92
160.61
155.36
162.08
163.84
157.21
150.74
155.06
163.8
159.17
159.77
166.6
178.67
178.08
143.21
166.26
188.77
168.18
157.12
158.48
188.72
191.81
170.06
166.07
186.35
176
130.93
138.39
153.27
124.43
127.74
130.07
126.6
127.71
149.93
135.61
129.4
132.77
139.9
134.21
132.49
131.5
138.03
135.62
136.03
136.4
180
180
180
180
180
180
180
180
180
180
180
180
180
180