234.76
246.04
262.14
220.1
222.42
258.17
274.76
234.49
275.42
312.76
285.13
338.18
323.7
315.4
319.35
326.8
327.87
312.07
333.65
333.16
329.04
344.91
341.47
340.94
341.16
340.47
340.12
339.76
342.74
339.53
342.02
345.91
342.18
341.7
341.59
347.5
344.78
345.27
342.53
342.92
342.79
323.56
316.11
318.63
354.57
313.23
281.58
280.17
263.39
245.43
250.66
246
243.89
245.69
250.32
256.05
228.36
230.69
237.68
244.29
238.29
234.59
240.03
239.32
233.48
233.6
180
180
180
180
180
180
180
180
180
180
180
180
180
180
180
180
180
180
180
180
180
180
180
180
180
180
180
180
180
180
180
180
180
180