131.51
132.23
136.44
131.32
134.14
132.54
133.47
133
133.74
148.04
131.66
136.46
132.75
130.29
130.54
141.37
152.24
138.78
134.05
143.76
151.57
207.1
201.73
185.78
158.04
172.25
173.05
154.47
163.88
167.47
163.33
161.85
158.95
175.4
164.41
161.59
158.06
158.77
151.42
153.66
159.19
155.68
153
155.07
157.81
155.45
153.63
156.54
161.86
155.3
152.63
159.65
169.8
176.87
164.55
155.17
155.87
185.63
170.11
152.43
147.03
158.71
185.23
170.47
144.64
171.58
154.46
139.9
142.91
139.07
138.06
130.92
144.44
134.54
135.28
135.28
134.2
180
180
180
180
180
180
180
180
180
180
180
180
180
180
180
180
180
180
180
180
180
180
180