247.42
240.05
240.4
240.85
227.2
228.81
240.63
241.21
272.21
243.96
225.66
251.01
268.31
217.8
223.31
266.58
254.27
239.2
250.74
289.38
317.86
242.34
303.93
314.08
312.66
321.6
352.53
330.69
343.85
343.46
338.16
339.64
346.93
343.25
343.24
343.42
341.75
344.8
342.27
339.15
342.27
339.24
334.99
337.09
320.45
291.81
324.52
316.66
303.27
268.05
256.41
250.54
266.84
253.77
245.74
248
225.32
228.58
235.46
244.96
238.15
237
232.58
238.03
244.63
242.12
231.01
227.54
230.86
243.51
243.56
239.01
234.98
235.64
234.62
236.11
239.3
231.17
231.75
180
180
180
180
180
180
180
180
180
180
180
180
180
180
180
180
180
180
180
180
180