200.35
201.13
202.25
201.98
201.41
201.11
203.04
204.16
205.27
209.32
211.78
227.69
226.62
233.52
243.18
235.23
243.57
250.84
242.63
252.42
227.81
252.61
242.44
230.42
263.76
247.27
235.78
238.99
239.26
216.68
224.87
220.61
225.32
225.79
225.89
226.71
223.33
226.55
224.07
225.62
225.23
221.25
224.57
226.96
227.53
229.93
212.23
230.33
236.87
216.58
223.77
240.93
249.62
263.95
260.85
263.06
263.16
269.43
262.25
258.45
232.72
239.49
235.57
226.41
219.72
213.58
211.88
204.34
200.11
200.38
199.87
196.66
193.54
191.82
194.06
193.71
193.56
194.57
194.43
193.17
194.9
180
180
180
180
180
180
180
180
180
180
180
180
180
180
180
180
180
180
180