203.33
201.42
206.49
206.7
207.56
209.65
209.64
208.93
208.66
215.75
213.84
212.48
223.59
225.04
229.12
245.46
238.88
224.83
263.77
254.88
258.26
237.24
261.66
258.26
262.5
261.48
225.91
233.16
234.8
240.83
234.32
237.58
231.74
232.66
232.95
227.01
233.99
234.58
230.74
233.41
233.94
237.46
233.57
243.75
253.73
262.34
264.24
267.14
266.71
264.87
244.74
243.72
241.48
243.05
223.36
229.01
225.97
224.98
218.78
214.61
207.14
204.53
205.6
205.31
201.26
199.4
200.21
201.28
199.81
200.29
199.69
199.72
199.82
200.21
201.1
201.28
204.51
206.12
208.16
180
180
180
180
180
180
180
180
180
180
180
180
180
180
180
180
180
180
180
180
180