182.52
158.66
158.91
176.32
173.08
170.1
172.35
175.19
173.65
172.08
170.68
167.48
170.58
171.53
172.58
173.33
171.92
171.49
171.5
171.05
169.36
173.75
171.07
168.8
168.99
163.55
172.39
172.56
181.66
179.38
177.49
174.8
189.18
187.63
334.64
339.61
173.79
340.61
206.95
106.75
357.7
343.56
348.51
0.12
357.74
358.24
4.92
356.91
354.93
3.11
359.66
354.36
1.03
359.9
358.16
359.03
359.96
356.87
356.07
357.02
357.2
356.79
354.85
355.45
347.08
341.14
330.44
311.16
273.84
210.25
218.54
272.66
110.42
87.25
166.51
189.49
170.5
176.97
174.21
173.82
177.32
170.19
174.27
170.97
170.4
167.65
165.36
165.25
167.22
169.58
168.23
166.95
167.41
180
180
180
180
180
180
180