163.52
160.18
157.29
162.33
159.31
161.85
161.43
162.84
160.81
159.7
159.64
160.76
160.58
162.4
158.24
160.96
151.16
166.72
176.4
153.96
172.92
180.18
173.39
184.03
201.66
179.41
205.06
178.78
167.4
235.65
307.91
10.91
301.91
338.15
345.59
352.91
346.78
349.91
350.48
349.55
358.06
351.35
348.74
353.17
353
350.27
348.8
351.04
351.79
351.32
352.54
350.82
348.76
346.54
328.23
348.83
334.88
321.16
335.85
337.9
206.15
196.12
245.99
193.59
175.6
175.15
165.15
183.08
186.52
172.43
163.49
167.77
173.89
145.33
154.45
159.5
161.31
163.44
167.46
163.06
162.25
166.97
162.86
160.86
161.2
164.14
180
180
180
180
180
180
180
180
180
180
180
180
180
180