167.11
165.02
164.5
165.22
165.35
164.46
164.03
160.79
161.56
168.78
164.23
162.59
162.5
173.95
167.5
183.86
176.19
188.3
184.55
189.36
189.45
300.98
224.1
331.59
355.25
346.46
328.23
345.32
35.05
345.37
353.54
346.74
355.53
350.93
346.8
346.44
349.98
353.15
353.28
348.99
351.2
354.27
355.33
355.5
351.06
354.65
353.52
352.99
354.05
354.76
357.06
348.55
348.33
352.93
355.21
349.39
335.91
340
319.51
313.89
293.08
2.95
189.3
183.43
166.02
201.55
182.79
157.86
166.57
180.05
171.55
176.13
172
168.46
180.56
172.5
166.89
180
180
180
180
180
180
180
180
180
180
180
180
180
180
180
180
180
180
180
180
180
180
180