203.26
201.07
202.86
206.93
209.66
208.78
217.6
228.5
221.75
237.43
254.07
265.47
242.52
259.96
266.95
264.98
243.88
250.49
260.94
245.68
239.64
253.12
241.69
209.85
231.55
235.18
221.33
223.98
229.97
228.96
224.6
227.69
228.41
224.42
224.12
225.84
228.04
226.16
226.18
230.1
240.89
250.85
205.73
247.45
255.75
258.79
262.28
255.76
265.23
232.28
267.37
255.24
242.52
233.8
232.31
230.67
219.65
219.31
217.11
210.78
210.33
208.92
206.72
204.34
204.7
206.17
205.87
203.26
202.81
204.27
206.41
207.11
180
180
180
180
180
180
180
180
180
180
180
180
180
180
180
180
180
180
180
180
180
180
180
180
180
180
180
180