168.25
168.06
171.03
166.73
169.79
168.05
163.33
165.1
164.68
159.05
171.04
187.85
181.12
178.87
198.1
155.91
301.91
169.43
171.39
344.56
22.44
353.79
347.82
0.94
4.87
349.28
348.4
354.97
1.74
357.08
352.43
3.31
354.86
355.01
357.14
355.3
354.34
358.09
357.37
357.79
356.2
356.54
358.27
356.84
357.32
358.21
357.87
356.03
357.62
356.2
356.01
354.42
351.95
347.79
355.39
325.14
322.81
320.83
279.32
248.08
229.19
214.26
195.69
213.58
157.26
172.41
182.29
161.24
157.71
176.15
167.8
167.19
171.26
166.52
162.64
166.86
170.23
168.2
168.25
168.39
167.34
180
180
180
180
180
180
180
180
180
180
180
180
180
180
180
180
180
180
180