196.33
190.79
185.65
186.82
185.55
190.42
189.64
190.54
189.27
188.52
191.1
186.8
192.42
191.75
184.99
189.56
186.31
195.79
186.01
181.88
184.17
184.15
182.69
196.64
199.16
298.49
18.23
15.81
18.72
7.91
13.33
19.5
21.03
4.8
12.67
14.11
13.45
15.7
16.62
15.68
22.95
13.48
16.83
18.61
16.79
16.19
15.52
15.73
17.5
16.26
17.18
15.78
14.69
11.8
10.39
14.01
14.02
16.28
22.33
9.88
8.28
5.48
354.94
149.68
202.84
199.36
259.18
192.1
193.2
190.84
198.22
181.1
228.75
215.22
184.74
185.66
191.77
199.8
196.5
182.16
189.42
197.96
195.18
185.26
188.89
191.75
180
180
180
180
180
180
180
180
180
180
180
180
180
180