191.87
189.42
184.23
194.08
191.89
192.85
194.91
191.39
192.03
191.14
189.02
188.52
194.09
194.94
194.73
189.8
186.96
186.93
180.06
190.81
131.68
170.04
197.03
302.1
267.78
330.65
8.69
6.34
24.18
14.06
16.74
11.46
17.9
14.31
15.33
16.92
21.64
20.05
19.46
17.41
16.45
18.8
16.96
16.37
17.33
18.23
20.04
19.71
19.07
18.45
20.14
18.05
16.62
17.1
16.01
15.09
15.26
17.94
11.73
17.07
11.03
11.44
13.38
340.38
5.57
212.55
5.67
165.31
190.24
185.05
211.52
201.93
200.66
205.47
192.29
203.58
195.03
180
180
180
180
180
180
180
180
180
180
180
180
180
180
180
180
180
180
180
180
180
180
180