193.02
191.52
191.73
194.67
195.27
190.69
183.46
190.14
171.53
175.18
187.51
186.51
202.34
17.53
239.22
37.71
23.28
6.76
43.59
16.87
12.67
19.35
15.19
17.01
11.94
12.13
15.08
15.27
17.78
14.65
16.75
17.88
17.18
18.81
19.35
19.14
18.47
16.82
19.49
18.96
17.56
18.85
18.1
18.02
17.46
17.97
17.78
18.67
16.99
15.38
16.22
12.64
4.83
11.04
14.57
10.95
14.02
90.02
43.63
280.63
128.23
197.27
190.48
176.83
175.91
185.89
198.65
185.26
195.93
194.01
195.92
198.24
180
180
180
180
180
180
180
180
180
180
180
180
180
180
180
180
180
180
180
180
180
180
180
180
180
180
180
180