192.23
195.75
199.14
203.74
205.85
208.14
206.97
215.27
217.29
240.06
238.42
232.51
248.14
248.39
262.06
260.9
236.07
228.36
242.9
242.74
237.02
235.34
225.8
237.35
215.5
204.17
199.76
185.52
181.85
194.58
198.74
192.39
190.92
191.25
184.84
186.53
187.42
175.15
181.75
187.37
183.19
183.88
186.48
180.53
183.92
184.95
181.03
181.27
185.35
188.76
200.45
217.23
215.91
222.8
218.61
220.75
231.39
246.67
262.77
268.73
262.78
261.67
243.06
236.7
227.75
228.45
219.12
204.5
202.89
201.93
198.33
194.6
193.68
194.85
193.88
193.85
193.56
193.7
195
194.4
193.31
180
180
180
180
180
180
180
180
180
180
180
180
180
180
180
180
180
180
180