168.66
166.4
168.21
170.96
166.6
150.01
137.19
170.73
165.7
155.95
157.65
156.58
145.43
104.35
142.82
58.26
61.78
47.89
46.33
39.06
20.61
38.08
32.65
31.8
30.36
25.87
28.15
28.05
33.73
27.79
27.47
31.35
31.46
31.18
31.07
31.82
30.97
29.56
31.79
31.67
30.05
30.99
30.89
30.51
30.9
30.83
30.53
31.57
30.51
29.81
30.04
32.28
36.45
24.39
25.05
30.74
33.11
51.3
55
139.3
103.83
137.08
120.51
152.69
159.93
163.03
153.36
137.22
163.5
172.1
175.63
181.1
180
180
180
180
180
180
180
180
180
180
180
180
180
180
180
180
180
180
180
180
180
180
180
180
180
180
180
180