199.95
199.73
200.68
201.13
201.62
200.53
201.72
205.14
204.89
203.48
208.46
209.68
215.5
221.04
215.39
222.75
229.49
226.1
214.91
253.71
243.07
252.32
252.24
248.17
245.95
236.8
245.08
244.24
234.07
207.39
224.87
224.12
218.33
219.41
217.31
217.65
215.6
218.13
214.84
218.7
218.92
221.24
225.11
229.11
246.61
240.41
244.56
245.14
250.42
234.95
259.42
255.06
246.35
252.98
257.31
247.09
232.86
243.57
243.89
226.88
215.55
210.03
209.07
212.8
211.11
210.42
213.86
211.84
211.14
210.41
211.44
209.19
209.09
209.07
208.92
208.98
210.21
209.98
211.19
180
180
180
180
180
180
180
180
180
180
180
180
180
180
180
180
180
180
180
180
180