185.4
186.04
187.56
188.17
187.44
184.67
194.82
191.66
186.42
193.18
178.67
174.68
175.19
220.13
187.24
195.01
208.62
194.16
202.37
199.93
194.56
191.52
193.43
199.3
196.25
191.75
195.78
198.37
189.78
197.65
196.93
195.35
196.42
194.85
192.34
194.33
193.9
193.84
196.28
195.49
194.46
194.88
195.93
195.75
195.16
195.74
194.36
193.95
193.26
191.18
184.29
173.68
197.81
196.97
181.16
178.44
169.79
187.01
182.34
186.47
197.04
189.1
182.42
174.33
181.55
185.48
186.53
184.44
188.24
183.24
181.36
180.55
180.89
181.86
182.47
183.75
183.92
184.87
183.86
185.2
186.39
180.97
188.05
180
180
180
180
180
180
180
180
180
180
180
180
180
180
180
180
180