195.98
197.06
197.46
196.12
197.34
196.26
196.32
195.89
198.35
197.62
200.35
195.36
194.59
200.49
198.22
194.7
195.8
189.19
195.68
187.4
191.52
206.11
186
184.72
185.73
182.67
165.13
200.01
176.13
185.12
200.49
195.59
184.35
181
191.02
193.66
177.12
189.38
192.41
191.18
188.71
191.84
190.05
189.76
190.4
188.58
188.78
191.07
189.4
189.02
189.04
189.63
186.11
188.77
186.35
195.1
192.9
193.99
190.83
191.32
187.88
186.28
189.82
194.96
189.97
190.09
197
192.87
195.29
190.42
195.29
193.55
192.87
193.93
201.71
191.17
203.04
180
180
180
180
180
180
180
180
180
180
180
180
180
180
180
180
180
180
180
180
180
180
180