190.9
190.13
189.86
189.61
189.71
190.84
189.97
189.8
193.14
189.39
189.67
189.34
189.5
191.44
196.63
192.59
193.3
199.12
200.68
205.9
193.63
161.31
192.04
180.93
183.65
191.84
194.91
190.92
186.79
182.1
187.37
179.5
178.03
185.11
185.87
182.92
181.07
179.55
177.47
177.03
176.42
178.79
175.91
173.53
173.38
175.22
176.74
177.59
177.77
178.65
187.24
175.57
170.93
187.62
189.2
204.71
170.43
170.72
180.31
173.17
195.34
186.5
178.13
170.69
199.53
183.85
191.76
186.89
197.57
194.13
195.72
194.87
192.56
197.07
194.53
194.83
192.56
180
180
180
180
180
180
180
180
180
180
180
180
180
180
180
180
180
180
180
180
180
180
180