193.64
192.01
193.84
194.71
196.37
198.46
211.5
210.96
215.63
220.95
217.02
213.56
222.91
221.18
226.86
230.99
230.44
232.35
237.87
227.85
219.43
218.48
225.46
228.62
219.21
226.4
213.55
219.13
220.01
210.38
212.43
211.46
208.83
208.98
205.99
205.98
205.55
205.59
208.44
205.26
205.36
206.61
207
207.51
208.17
209.02
214.5
215
208.31
212.26
217.5
228.07
232.79
234.69
228.51
220.78
226.67
231.21
231.91
229.94
231.32
230.76
230.1
236.2
224.38
223.08
223.32
222.54
221.42
220.21
215.49
215.29
216.55
209.28
211.97
208.56
201.89
202.44
202.01
201.85
197.17
196.4
200.87
197.91
198.17
197.32
198.06
197.6
197.99
197.8
198.2
180
180
180
180
180
180
180
180
180

