187.03
188.06
188.81
187.3
188.3
187.32
186.72
188.58
188.71
187.21
188.89
189.3
187.25
187.65
184.83
186.75
186.57
190.29
190.21
189.54
189.45
189.13
188.67
191.08
188.59
187.79
186.9
184.99
182.44
188.17
188.06
188.2
189.09
186.44
187.5
188.08
187.01
185.52
185.09
186.05
186.49
186.86
186.78
191.49
176.4
188.44
181.77
189.42
185.24
185.36
186.84
187.11
186.2
186.08
186.28
185.84
185.66
185.58
185.55
186.09
186.11
185.64
185.71
185.68
185.46
185.55
185.66
185.81
185.59
185.9
185.56
180
180
180
180
180
180
180
180
180
180
180
180
180
180
180
180
180
180
180
180
180
180
180
180
180
180
180
180
180



































































