204.99215356353758
204.97042266247172
204.60676667805106
204.0935841707876
203.6601371194497
203.57841064448274
204.0039964371593
204.6267862023658
205.02285877633398
204.6368736385177
203.17291443330225
201.21104325427842
199.55858736067458
199.32811247074682
201.19801477376083
204.27995565379206
207.42876230752918
209.16310502118174
208.21242809202016
205.07881543263676
201.5371333744763
201.4648968168677
204.349029398569
199.97711776168015
189.93852537491665
196.92677445725323
204.64197980780068
195.36675796548494
210.2412591844864
204.76561393030167
210.68490795069675
209.13350802083332
206.35761775349224
204.96175381474802
198.80891839990605
197.88739473713005
197.90688581090538
189.7931907770925
180.31406937473463
205.91848571691943
193.1268644586235
194.35636895207577
192.27472220915527
192.2027995464964
199.95251179696018
200.0908489624956
204.2766378924536
207.2549342870962
213.94627711768283
216.38935180750784
213.65652753774796
209.64404074406715
206.47637118362906
206.7748962701582
210.82296889140898
210.42138274646987
204.71111862574435
207.39110196282775
217.01222697204605
209.19223684916847
197.85689826694843
204.48785006743688
199.7799821411195
205.62643628266622
204.6182730922316
205.00526699143103
205.2756311198218
204.30743052665457
203.35975511518805
203.3848323023742
202.99182931296738
196.99270830334524
185.4837159721654
178.5933720269203
179.543717217853
180.45769754070747
179.5224738283121
179.93885390487088
180.4819687441703
180.0670116249319
179.63476855366432
179.6497295297047
180.14879926010573
180.42357741209958
180.15095399357617
179.9040522331096
179.80595801300277
179.80465377363834
180.00768832329064
180.15252832836094
180.0778301947031
180.0005914103003
179.97304093055126
179.95327491866948
179.9888475917932
180.02258535546622
180.00698117269542
179.99721459220467
180.00043717957288
179.9975481015466
166.2710101894869
166.37307705878285
167.18321573669138
168.45100528083543
169.80758228199443
170.7015573867649
170.76648552766173
170.3447525223664
169.8857697982
170.00692187337012
171.1430457153856
172.76702748507864
174.27161572462765
174.98288785554536
174.40519159398394
173.19162499418263
172.13467481791704
172.08679099163467
173.6345665919458
175.90407883015743
177.75692508531367
177.84961272496588
175.26030605221092
171.10068015199238
166.83497855314104
164.26991394499152
164.89129063972103
167.8045968400208
172.03477449317654
176.7019462958917
180.43666267595796
183.0614178462956
185.02530599782284
187.61133684034039
190.80155288068406
190.9973482047272
188.57316979388835
190.8469672754155
190.5764841114385
156.43357372210758
188.18690926141133
186.87400362308975
189.6242470393998
190.12706726109454
188.21138888927442
185.53345617478203
183.85576242600013
177.1206871492868
165.22334950915035
157.76558098702301
157.79242371499276
160.4889687350946
164.18912661745688
167.1438034995497
166.52122674670554
164.10109908053082
161.61683421170054
159.64666329015262
159.405759171334
159.7096222153732
159.70567496330918
160.27689261079928
161.35410017519777
162.96662769601164
165.08312018674275
166.35131079876308
166.13758342146943
165.16853525827887
164.15851605641274
164.45213873819327
167.03018292909866
171.02770228003345
175.43194185145953
178.89461912278787
180.28150771099692
180.4473068951737
180.13336279413952
179.74555727559093
179.9495812373884
180.23318793471964
180.19594324822017
180.08644419131903
179.83278587422618
179.7037970106866
179.91939359661737
180.1109916105229
180.14752368092138
180.1161594167301
179.9858028167598
179.8939219623645
179.9467092963157
180.00440265819935
180.01954767785114
180.02925536262555
180.00731396151122
179.9851227774374
179.9951871264803
180.00214265545594
179.99976449679764
180.00144950914978
193.94859230907298
193.56291428524287
193.28507980140313
193.02189822510167
192.78253064352916
192.8103948060142
193.26317467655693
194.34548772582585
195.76745933031205
196.21001441282624
195.54017418843512
195.89336537881144
193.24368151159425
193.11198559093413
194.3130120869766
196.1046080244719
197.7386875982761
199.03122490774763
199.45734827801115
199.45020310229086
199.42282480982922
199.15936557723148
199.29733491483842
201.28792232485526
204.2828496936235
203.66656486270443
201.3289887345009
210.81359287234727
203.15125839410626
208.17554056513515
193.6287106392853
207.1799022573853
199.91440087697566
204.81767455684005
203.06157675901568
201.84628016082186
201.1718986123271
201.23402468016755
202.65503081160563
203.62653608339525
203.2661678118042
203.09268117266672
203.37978811683192
203.5648265305507
203.66942128931066
203.1145380821005
199.00232084094984
185.12445900651306
199.80714115207894
203.86472987316085
207.1079329487206
205.51910007671594
198.6334933668119
197.82852843499137
199.77713102132142
200.5345211039638
195.43614539115674
193.24768101019646
194.71448594352077
196.0661863723188
197.25694141690767
198.21105291118243
197.69343144694943
196.23044704466042
194.64591159339918
193.6331533066651
193.79181296779745
194.3372234182825
194.46935774427482
193.63153678488854
191.18969387412878
187.5286785965891
183.5272761883099
180.5572950162287
179.52490052468417
179.51048216813797
179.84486415609703
180.27267240096992
180.2043476688812
179.94206491689368
179.83620785186295
179.83730817428818
180.06330834313985
180.21449684366237
180.0826903069122
179.9538122357459
179.89947775631904
179.89688233105574
180.00275438445928
180.0788558865983
180.0412910197202
180.0016102081177
179.98587553024836
179.97481118170606
179.99400449012657
180.01192656140725
180.0037257837739
179.99866824876364
180.0002267579133
179.99861080168566
181.76799280389633
182.0822086230152
182.22397242436776
182.33707019321935
182.55554698907218
182.92837391654183
183.3273075657705
183.03485911920615
181.97204014633064
181.34668365599754
181.10865353142214
179.19827460596966
183.29839817565278
184.19486822919026
184.3695017233564
185.24960784428134
187.05069951589323
187.7943132891563
187.29459356926338
186.52267286878902
185.83364396316935
185.89590012934835
187.2256868079786
189.01972657695362
190.59883145771215
191.6348007235485
192.1991446778247
194.03776847801342
196.3782843531479
192.33871725973455
200.06471151218796
199.01864135794105
202.04674965725997
201.84685407198253
201.34940916334722
202.08963382548703
205.0695195729922
207.98453119877342
208.60046164596358
203.90489382677703
208.51114330992988
207.44820329208952
206.69924850174758
205.21072849483602
203.02023020191643
201.07525078360268
199.9880520413194
198.88391988591826
197.19877295380635
194.4869559447531
190.76409784353038
187.95570520811734
187.05855016069154
186.95368174949547
187.11104979592682
186.95708321464167
186.37843050172387
187.76881011152008
181.46324604349604
181.31044915848295
180.47543090874487
177.7730179753939
178.16938934143784
178.899070527442
181.40238778377787
183.46077963093
184.00832484805312
184.27312555864995
184.39579917598343
184.05231538598298
183.5295924630698
182.65301346160427
181.36478432844038
180.29209323081525
179.73282969126464
179.6269378553529
179.921899514066
180.19415824551737
180.13760789426803
180.01294870798614
179.92974451679206
179.89325964745268
180.00427084769893
180.0871258786458
180.03660898961718
179.98970296708532
179.96649867214512
179.95895468040914
180.0000690299415
180.02970853214973
180.01387668087392
179.9996964783277
179.99532863801355
179.9914043722711
179.99801928027227
180.0042902201348
180.0012027070027
179.99936882611968
180.00010006045898
179.99961239429484
169.9979658980216
170.28079019588466
170.38500964002966
170.5329836488691
170.84607581268028
171.20665772886997
171.57422108327626
171.74368832677666
171.4511969518046
170.52924299807663
168.9813589807651
167.2298934469686
165.99356845870935
166.34371411885436
168.86423515300834
172.85732219313886
177.23921855006154
180.28270620309394
180.7063531961202
179.2376569674231
176.7690115697004
174.52689283296021
174.1928594145336
176.43889738611986
178.6992429292182
172.65091450967728
156.72031509473027
143.38985419048757
145.89887692063556
180.34439137793902
214.31410855878477
129.29182583802523
77.06899517221278
12.117029461241565
33.62543272498148
49.728239190035765
45.55258396105164
52.71457978582434
55.7910506779306
31.405471543423573
34.31419049941903
39.45508267472285
63.92121940513925
77.40752491424915
91.07785261084756
185.28946934137556
198.32682152216427
212.35742938232104
159.6342469096898
133.0970828530153
156.01864386450583
172.17359454598375
171.31711526446242
177.03158597480729
180.57370506236865
175.40588858463298
169.271729565612
168.11128925080308
172.85059300392015
174.85083301264748
171.0513919840565
169.25938652480647
170.61571816069397
171.2110147723432
171.39300887220713
171.51671383981662
170.63695627528708
169.37256745915494
168.55075890666012
168.79613478125714
170.6519759165469
173.56760154188453
176.75424816632707
179.2817570011642
180.36788017525566
180.46975347619846
180.099336770113
179.723983115593
179.87462665485577
180.11730265786647
180.15146706206798
180.11580366458674
179.9134317248316
179.78980492893245
179.932111607758
180.06267125212943
180.0987095083759
180.08840730017997
179.9929574214808
179.925140666796
179.962941057799
180.00222462974207
180.01329750131248
180.02113791001037
180.00511184758497
179.9893178429596
179.99670179457817
180.00155534541747
179.99980998950528
180.00101552294382
173.6318307733151
173.62451659147263
174.14519709663767
174.8663180627677
175.42241445063553
175.4298664849294
174.6650272003642
173.6246447606887
172.988337295541
173.6176198860249
176.09797666991508
179.88328757473766
184.20293590223318
188.00297727431632
190.45887131116183
192.17996127647342
193.83237994688818
196.09551656125788
199.6803709437683
204.10844841821213
209.0312711421279
214.53808111735574
220.42994671268772
226.94871319723907
234.0905119898293
241.04484861778198
247.3876109172725
253.1437447873262
256.5848662885102
253.3991215381106
245.86029630159666
247.98551816108147
258.83662749008585
250.70087002411486
259.54721085883585
253.01768598437943
249.1684989782248
248.9419603685394
248.93068127572423
223.33455965745077
240.68204528063723
248.62978973189257
249.31706958980223
253.02144924350102
250.36687973915843
254.3134274876621
253.39260357156058
257.5472212267173
258.9165948452528
255.39731604162736
244.9450822122252
233.1659357311671
223.1825442672725
213.9097999373809
206.8867056316992
203.19501782544523
201.15116713588444
197.60784571932246
190.98109920077604
183.3341491338635
176.32747290935188
171.425096509103
170.156309336385
170.9422391540178
172.27104025955893
173.52929688064876
173.6910120508336
173.46467358183156
173.65785718740923
174.28276174557135
175.66226757611585
177.2719372155061
178.52879669374713
179.45576719687568
179.8882018697672
179.9997370914242
180.06772069602536
180.0599029851127
180.05668567532464
180.06870338806928
180.03099365308825
179.98509103651745
179.94136712281838
179.93080324086327
179.97929332714708
180.0282553150364
180.0467420874711
180.03675363521282
179.9960630628319
179.96871398244923
179.98195525601028
179.99892024065048
180.0066182936829
180.0106882457398
180.00243592504157
179.99493775897506
179.99838491219595
180.0005884134705
179.9999228165478
180.000584266753
158.46964559812207
159.26194589735223
159.86422591623744
160.61261394196532
161.4712364027114
161.6216054770536
160.74591799449175
158.93098286341188
156.4745242742053
154.49735993695523
153.56342021659327
152.7512680205711
152.6510150543188
156.20429658295154
162.66711269731482
165.54440314118636
166.33353633728237
179.9747897467746
167.941188688013
170.2688186675924
168.80374909531545
152.67475642813926
155.3225892390458
144.0829295602963
129.9087998502447
104.98306049842624
74.07787772178612
59.32536570828483
66.41707687156597
66.39936568731798
44.37365987878873
40.77420923934027
46.857674157259666
50.74923082712006
47.22671132200203
44.649013658664636
41.957263846809724
40.10798325147517
40.53403525428774
37.199984144533765
39.782622918503016
39.74686677620953
41.519419918473325
44.191112746388
47.74765744011493
50.51177782432779
52.07684817095076
54.217559836603996
58.85101324541199
68.77321411153326
85.65172244087165
107.23130163192837
127.79235196792129
149.14438395480397
164.40212188948487
163.81325536082122
153.26910108182022
166.17120275026497
166.73830660985007
141.84068724537522
145.06490001992987
150.74498907430396
142.53484191593057
151.84134439780118
159.79692529729775
165.27860217767278
165.09113898175224
161.66652485578595
157.40903085702843
155.95977255416636
160.32848294738616
167.35495205760105
174.34041227372964
179.673753142995
181.1845626415392
180.68445445653794
179.97428057129372
179.31023716826465
179.69889997175486
180.325266163576
180.33132604452334
180.19702784123558
179.84010086904277
179.5996565202613
179.8671531158569
180.12578072248843
180.18466871109868
180.16121710096024
179.9880912519126
179.86133719379956
179.93011467668856
180.0036583807451
180.0248135402108
180.03963459443983
180.00977595965537
179.98020072409085
179.99371919493058
180.00269270646547
179.99967218437635
180.00202761044824
196.25609242961113
196.28002151032723
196.49753938589586
196.7411420582147
196.83171257188715
196.5899759397263
195.92439877267523
195.10245256432754
194.4995975335033
194.6043711360794
196.13961050843645
199.9119752672202
205.55427246086003
210.54015264154734
213.77684770098574
217.14195528909684
221.1703795230283
225.13140190739796
229.28572470333822
233.45245051720343
237.37018167814418
241.70022550079324
246.16771557013746
249.030561910777
249.8352623466417
250.0708066546817
248.3550480906233
238.9633832370129
247.74594185217384
250.0766249280394
244.60928297635786
238.2730071349636
229.09962117513857
224.82344742026217
227.48163222954176
225.52189539662703
217.74733538645404
219.80905820081549
225.91094682498215
199.8506500891549
206.75654261821865
216.4777034805042
220.49720449455836
230.9709203337591
230.91110730859583
235.75982931621934
246.00758601783505
249.35076408575694
244.88693506041645
242.79888024897056
244.53569386095398
244.21990353318623
241.59698900265664
238.87696409019526
235.43783574007148
231.42601131752556
227.46436401340276
222.6742985781949
216.79796959727057
210.57711668980934
204.518301920403
199.47086008661964
196.18341945309086
194.4404570984151
194.00175604509798
194.54245976111068
195.5189003463114
196.81077139833607
197.95550277108603
197.8945004029208
195.85487118716964
191.29737090942288
184.99434043143455
180.3551290062367
179.1100902345172
179.24755575832344
179.8277773517401
180.5556858037246
180.37671877564097
179.88406906509735
179.7084530964178
179.719793646172
180.10399337951964
180.35698158925314
180.12216397592425
179.90982435621024
179.8495641188693
179.8536920278491
180.00745991837243
180.1196571959014
180.05816941603302
179.99667907700916
179.9797079437719
179.96638327793664
179.99172018257002
180.01683409688775
180.00521883715066
179.99767207691
180.00030859607716
179.9983203319912
180.7299589953403
181.1303719996754
181.28680991803483
181.41531895875352
181.5874594106943
181.55393247979524
181.2598182609425
180.6700110743582
179.77935324923942
178.8501934309206
178.13215572015142
177.7851559005521
178.14796068500826
179.6952761980002
182.56794159463533
186.36915439268094
190.35209653480473
193.1916488356496
194.05216343411428
193.52965978253022
192.67439878827156
193.43437679509248
195.07970732579113
190.77400366460017
178.35177217076347
164.46874534202522
146.12985787307497
106.4317295081111
73.26372179797772
148.88285287995748
268.3823050774873
68.69565246495077
70.05507990775817
-29.25317860414575
23.54527180269944
46.42362921946766
12.937847349494909
6.461707542749241
21.65408330408479
24.116139627298654
21.158062998253012
15.366222875449703
5.8037131608919585
11.456922932684394
40.56501966607228
77.36006258599467
125.72728134117966
216.47713823917718
279.6449455933382
81.83694934913544
215.8288314590926
164.91884719644463
184.717926435905
186.62561687808997
166.1809607381767
162.38489895075912
182.93403156484987
193.25581922087042
187.36368365708796
180.0468467029931
171.96163606710385
166.49873793639404
169.96138599839986
175.87695757906204
179.88012885971196
182.79407148372326
182.54166719587673
180.4721387877333
178.96300117656335
178.0278581149004
178.3919196479453
179.4234254863137
180.08156255567098
180.44559267957504
180.26821722050633
179.91849340349003
179.87236355763017
179.88925957014544
179.97703478120496
180.08380939730085
180.03811528893988
179.98623317261507
179.98447525035633
179.9768793526763
179.99514658205655
180.0161949221535
180.00901947298954
180.00153957203975
179.99868789501815
179.99481554462935
179.99737382296598
180.00108300399552
180.00101707838877
180.00086756928042
180.000337170227
179.99944389513115
179.99975362167973
180.00010323789778
180.00000487883807
180.00005013647882
193.7777195525013
193.42731453286936
193.2757271320121
193.16422059757863
193.14649395505197
193.056112370951
192.81810074506652
192.86129440673156
193.32701853017878
193.9158543799269
195.04482207546695
198.0983932471185
202.80989768462857
206.14588032845336
207.06530199621872
207.87017191607652
209.60808781528794
212.61443185009645
217.1605720250874
220.82038342226565
221.64703802724387
224.86476035772574
230.80023231353735
235.95455347853542
239.66777872950206
243.57137069107088
246.93761938423756
247.91718864489852
247.15421350336476
248.03682764817506
251.2530260811739
253.10418241661003
252.28085378775978
250.33543785926787
250.55247440916975
246.01835849705213
239.56395533513037
237.94327393097228
246.44792998180014
221.88075098717508
216.3323253368957
232.21598641592817
239.28519627548687
249.8451479295362
240.1771550893031
248.26636643196593
261.598416837599
261.693335994226
261.229468175956
255.43785379722823
253.35463951955106
247.6776158483713
239.8848016020977
231.80385565138218
223.91149220115454
219.0107837003861
217.75885028827483
215.65023056580503
210.65505775160682
204.7800802025732
198.77750874684244
194.2951786968046
192.82916867164664
192.10757884370827
191.21524378117545
191.65422281605143
192.99835755777312
193.92977368961894
194.40791009892544
195.06337089372002
195.00026054203195
191.1368409209521
183.8083870220088
179.14971842357085
179.2999256215128
179.9017084045499
179.81034629198993
180.2976496877401
180.38543887257805
179.955008665176
179.7177454007153
179.73896414078757
180.0956792802417
180.3159076874462
180.10732326719585
179.9208165570215
179.8681575124887
179.87151860482646
180.0066469325497
180.10526563668537
180.05076231751576
179.99668447135898
179.9822685087265
179.97075298286074
179.99279961867046
180.01473507094877
180.00453904009572
179.99790984301583
180.00027544911393
179.99856803109424
178.20500255264503
178.42088817581447
178.7586328883357
179.25422025783362
179.81613448209498
180.1006792249228
179.92546983873828
179.35601714530742
178.4889431885727
177.59859574543
177.0167917781688
176.92758038706978
177.72464135772802
180.06276258531534
183.15197865743818
183.75476020953238
181.2270163936532
179.83768325977908
180.49808067194334
179.0876165997366
175.23087244929164
172.21639361206226
170.62244438015867
169.5042992789482
169.51087765291243
171.5081444477272
174.12393599548673
173.3552092085021
168.99047207543276
167.78948189882948
171.52508823974205
173.83664861244117
173.03728150988968
171.71713179197252
169.55361331109796
166.7483372031258
164.06593971008712
159.73064813935346
157.55628353569244
161.18936429666294
160.73601239046306
162.4940187790809
165.49641348181893
167.30668534684798
169.1631151950289
169.3611064758982
168.09287078429296
167.4725684647346
168.09817865677147
168.01942478962178
167.1361661107666
167.58116204525308
169.71727713301368
172.43367499835833
172.3061558044485
173.96730362222303
174.63573393460032
168.87525209548923
161.87183910003753
166.97992541196786
178.84956740601646
173.78166395682894
180.12890005580186
176.21765096350055
177.85837775998175
178.13987522013343
178.3413979083826
178.239870737414
177.0184069553625
176.35690894257115
176.95506233020285
177.962158394083
179.17610881931606
180.19001026713414
180.44552787572263
180.27272753321293
179.9705665928282
179.7400931831861
179.85436135641785
180.03151048167717
180.07427932841443
180.08214547067038
180.0023381430817
179.93049845334238
179.971272498027
180.0114956184509
180.0216473443259
180.02604593030284
180.00073530385723
179.98025711972625
179.99077801869748
180.0004506351724
180.00295301453872
180.0055108721367
180.0013867616492
179.99727741521278
179.99917892274107
180.00035068080464
179.99994094820238
180.00028395053414
166.80078500826647
166.87233578545388
167.3060688098897
167.96551757374016
168.6404226308312
169.01284630444005
168.8848504561894
168.47231899866446
168.0669096149776
168.08179092401446
168.79363441677734
169.8610085497278
170.87122679837833
171.3263917620926
170.8120713720599
169.60540622106532
167.96642372203448
166.04772314759688
164.2189650800279
162.6557451305121
161.12299551903573
158.77217456922003
156.15198107482715
156.59312935211747
157.3167369309866
157.1330576297174
156.33177061674203
165.17576127656963
160.3627571818852
159.3031690132535
155.86455126672627
148.2604802896694
154.1477844329917
156.99836698358786
160.61677867086456
161.56089214666432
159.9931398211836
164.58186416597442
173.37472501888558
163.72373144306758
165.4618697584124
167.2655156063826
166.18831271921275
162.6959710648573
160.70386884664168
158.18615514648235
159.6112435134833
158.5611661164676
154.60672480440942
152.5663290294628
152.99953960325965
152.3606180592641
150.65297731513962
150.57293449575857
152.28000336350473
154.26272972468738
156.08412401395793
157.31126943043637
157.57733384108585
158.0935002882914
159.35778404573765
160.15230858288663
160.41744240183334
161.2631419465148
162.65509698006596
163.63505350647534
164.0309293474284
164.3672563560837
164.71170196987305
164.94844532351965
165.9287907118802
169.625449489586
176.22312482550146
180.19651337956225
180.04874642947627
179.71586775269913
180.26135155560166
180.08978567471277
179.85932895412495
180.06838170370577
180.20809101644906
180.13216286071352
179.85215396861196
179.72398613542887
179.91867188304613
180.08961304739947
180.13701047075713
180.1175034532758
179.98924869493376
179.89921120166932
179.9484675023239
180.00195698580313
180.018551931863
180.0294080583082
180.007192178318
179.98543177910838
179.9953349022893
180.00192908751228
179.99976760017788
180.00152954781052
