205.1409598924231
205.79939967411124
205.91961304420806
205.93043522523658
206.16783941135265
206.72378085122722
207.74459004752913
208.8000058375223
209.38919598414287
209.16919394907913
207.9051726412852
206.01206455806079
204.0781351874297
202.74308765698584
202.5839184416799
203.49418361265512
204.92271592130044
205.65362258003782
205.7533106226286
208.2952768459049
207.1420729909265
211.78628162434157
215.75696969982383
204.38747697722812
207.76600378129004
208.2341614964002
195.54767609649775
197.87292819905227
200.98104080072883
180.45164148849364
188.32888912729388
184.0847630585315
186.9455506766092
194.39561531379235
204.62833312275126
216.72355999551414
223.72709792478517
210.987598941344
209.4996950729834
202.5566413722609
206.30550975228985
206.1417852917516
202.09126653472921
210.63012480095736
212.84561732359364
214.16420237545765
216.56524900348197
212.23925675354488
206.08379184814592
201.45632765099387
200.93356805599063
201.20660433304766
201.09112506730418
201.26239334919003
200.8494549412496
200.5646724908488
201.26054490440237
202.33725481875757
203.64744774510115
204.8181059264751
205.18527042631914
204.59071728958241
202.98303723168877
200.6704900671101
198.45356714497413
197.53639670793808
198.58061262693718
200.8573896216471
203.25187001432283
203.99378084097376
201.98371780762216
198.64372123605497
195.69046668398926
195.30336879518566
197.88155953736754
198.46490672649762
195.85864705507453
196.25988175740406
200.61363011103
203.44899222163053
203.695289762556
203.53911878209928
202.34282548956543
198.86170249370304
193.87805216597278
189.13913826315007
185.4855948512272
182.54002411752458
180.33375582289295
178.99114314750616
178.29701721743533
178.5813932315402
179.73758200062468
180.72563814482
181.01650377167977
180.71907494230965
179.96137275524592
179.42057743619094
179.57831997743915
179.9148788015392
183.33835336833434
183.38160924430366
183.35149455781922
183.29871352263254
183.1379060641868
182.45223469396956
181.1666781651416
179.75844058423402
178.3680217740737
176.6554281017053
172.28405229048275
175.3149343618822
176.7246229870921
169.78681743252045
174.99222457779922
172.45100901025873
171.98403627333886
170.33309743084106
168.46588759756855
169.04611170737257
172.15056768829135
173.11311929037353
170.67102763007966
168.9919657117063
168.99673167862542
168.5583576487606
168.87001148737113
173.2192552109663
180.59307321051068
184.41809773830718
183.5433585300916
185.87443279930022
184.58246492990244
180.86719069072234
172.74608075534513
168.60771666025627
169.60623273844863
168.41828891848894
163.6433709419263
160.9329465622028
160.91079802215836
160.971974953574
161.28831969301532
161.85629807692172
162.024426857767
162.65116806160646
164.1259244371311
165.63821738184492
167.17925532946214
169.36166994582487
172.21478872411745
175.47286480966275
178.6571353337506
180.51723267469745
180.34936614022575
178.85049817671222
176.58885856188073
174.16912179708422
172.43881666125017
171.50735898965223
171.44595867240102
172.38841571671202
174.53462774755795
175.9229201442653
176.25546815183088
176.29969598544992
176.01746384546055
174.18819669364973
171.4833993379747
170.90786762879006
173.19484053120695
175.4974880718594
176.90444469581774
178.85965696894849
180.88127184897252
181.57186194421078
181.11988566645294
180.77508697903065
180.87283514258715
180.59118195746163
179.95376193723686
179.77034896122913
180.18255487104818
181.02325991146523
182.1072866119858
182.67820044023344
182.26270686898167
181.28024369447706
180.11080490184466
179.27746014052863
179.24660843266042
179.6212938527838
180.05893117433823
180.37502897354364
180.29211189484386
180.06676306498156
179.9291294567498
179.85391022129656
179.931494043339
180.04205415220247
189.13181853540414
189.77731841915417
191.22762437596563
193.51215875212498
196.05926343000078
197.32341579343503
197.44902532430126
196.30298486063944
194.77885898803623
193.6130977539998
193.97211500901633
196.55857820815578
200.22183219096982
200.46568736296362
197.52492586591987
201.11022731908477
196.77659073068335
199.19845500747306
197.2540344612188
197.96020951261542
199.74579305835886
204.45297082146914
209.56385139771564
205.18666774008594
163.55798110767049
200.59764110067596
194.54765028697093
208.5507120146864
205.75625136079185
200.98185823133784
202.28836209360136
200.18116746675506
197.94912655692553
198.19476477109004
198.98536962460895
197.71520463465922
204.30260362470955
210.2968345344486
210.1788124596983
202.7852181141788
202.34763861630086
198.11643823234365
198.57418562286688
198.41817504479744
193.2844940112744
199.03016913649813
193.3893110921138
192.97052788010907
192.3336385400917
191.15337950834177
190.22090378334588
189.27517043906406
188.36357105726634
187.98741555982193
188.4126567861734
189.38032590774392
190.63948693512418
191.70072075509324
192.20606133903706
192.4878379406751
192.51569213680415
191.66008356908685
190.307549306667
190.18231852832233
188.37854644096922
188.2894357818166
188.91213569721683
190.5841205378539
192.4885929221893
192.41100121121792
189.9438826192376
188.50964342821604
187.85787884836816
181.58295155144077
185.39399781877688
185.0661676219257
186.40540658774822
187.9403356889956
189.37885544668603
190.37941364523593
190.89472625497828
190.67498473702426
189.5721655109648
187.45649872713463
184.62287024405404
182.17797891879223
180.77924461178586
180.14123755605476
180.0693734662719
180.12681057846123
179.87432320431915
179.72391545423815
179.8440433354476
179.99687895530002
180.1926284086526
180.24693952909146
180.04023309469622
179.87721803011632
179.88179562953565
179.93738292356662
188.13628429861694
188.20315800726357
187.48049721055355
186.39039426358076
185.3933649793513
185.15783370663934
186.12657518450703
187.7443829659571
189.37593623855
190.2939330065388
189.7284719676612
187.6910977221212
185.22832817725322
185.1063710628673
187.23786341509796
185.459014453953
186.4483063274405
185.90741902448224
185.8839358897532
179.99369037983206
190.52403023016254
186.93674174978236
184.56924214281517
186.73510330904867
195.20605755091117
190.69291871558698
194.68927295730708
192.83977967871965
195.51616654675226
197.33702308914607
198.15203452595352
199.09741962034607
198.86370756966554
195.93880719510554
191.6210807842278
191.56662375346124
186.69349279377226
185.62678512135344
184.13359433550454
184.10776325275089
185.10883007508158
185.99682646529524
186.16767882841552
185.9122209004045
185.29641447461796
184.49953577525176
183.8441199581309
183.03760348958193
182.20599257649437
182.19705253240278
183.31815105305785
185.2654345005286
187.61036914252864
189.32585286116736
189.65728741235043
188.96365377418635
187.51733798104027
185.63859565783162
183.84321113165433
182.03942702181763
180.61881514318046
180.8797765074456
182.62549896054492
183.37930421342094
182.83218054366284
184.33614954151153
184.35889441739718
184.20073497529106
182.4789200308143
181.838571541278
182.86318425757153
184.32848830685896
185.8403264506099
187.19337717366045
187.8182452690107
188.04936783145624
188.21621402430333
188.26641788788868
188.34658127947665
188.29935861223206
188.0013159549993
187.69076477070746
187.40216772064508
187.02363237115614
186.41920297462062
185.19127601847325
183.31678889594085
181.58531790192364
180.3880526422463
179.4303554358364
178.8631367627812
179.1198882973414
179.97895862083888
180.57086155875953
180.5180693938868
180.2445509677339
179.9376022250201
179.71630157141044
179.8180870939507
180.0062926832276
181.3714089440849
181.5045444656341
180.70976439296177
179.5680974393842
178.66334889588225
178.50752310806726
179.42279509821594
180.60629500179283
180.9761140606876
179.24622974485922
174.85556594595718
169.50774782986596
165.61514623712804
166.48870142539658
173.4313187301099
182.12977967005756
187.00120605137516
180.8198186790416
163.95845738040973
155.13643107473467
161.50160518370922
167.05561587244182
195.22896188686295
180.21494163931632
248.62305028711728
319.1001597619818
174.4011019827721
322.79194041694
141.95057436973576
125.60336027796382
121.79494145257718
130.3845477007625
151.03641134180177
162.17755532418224
264.7003999692402
207.58770865051517
205.67760607709036
185.45612904094972
183.1817294756853
190.72067226220165
182.00970171041425
175.21528532673557
166.40884602736398
166.93948984945243
182.16863639042572
190.7995678243868
185.5785779208622
178.96169286399694
173.3489240896935
168.81855509442977
169.72047551253996
173.00717290096028
175.4263658202271
176.89740233918087
176.04171273552984
174.2500102106708
173.18399309031392
172.45699044209664
172.4588025480126
172.79644749018956
172.7384227957787
172.5404814520657
172.18855010926194
171.8301933005661
171.822367031443
172.16117769528822
172.82998449516666
173.62849483205503
174.1532656478358
173.94987505746207
172.78340980056007
171.01002180991034
169.2099901514932
168.25689321035398
168.75693846078283
170.26924420467418
172.237797161825
173.91614900386705
174.62462305472934
174.74473863379217
174.55811279887334
174.10381726998077
173.68443379495548
173.19240774778356
172.75253792394565
173.12572139636364
174.60342212681311
176.89266574320573
179.5187641507934
181.37625342317992
181.72800252988955
181.09090093935953
179.9884736567276
179.14806933645943
179.23527372691143
179.70742364772775
180.1424330378716
180.41191610324364
180.2169855692029
179.9306971746296
177.46977941832193
177.20117305566197
177.2845366354717
176.77775034217444
175.72191483577535
176.010397433237
177.26932817522933
175.69435684803236
178.06133699888755
180.76388487844122
184.87426316341342
181.94187146792103
191.56595362921092
195.15097429853367
200.62342631010605
206.3552462345296
212.16026018198502
217.2865541406819
250.34562723620326
250.9107126433648
233.20990332204207
249.66613757628372
240.50815300988964
253.01415413910343
261.0459852272396
254.67114125760014
257.7572031061231
251.63759128930226
251.37189406062876
253.53359128445075
252.54542989017747
253.43602091180387
253.1005610036571
255.0737110686592
256.7183614932791
245.10626685206904
247.0088210985635
239.83152868963143
235.71666895261254
231.11082137655032
225.9940897812917
220.3524214942453
214.16759554088188
208.34777544352235
203.1225265456362
197.11611954540595
191.23667334313987
189.96205531320714
186.52573472319486
185.83234632849576
184.51935640697388
184.25284677515097
184.7400951426075
184.6644490420947
183.614670219112
181.9822461529556
179.96851043205
178.12370583961695
177.02413555121313
176.5267870878703
176.62428821007512
177.46578929057867
178.90077439075526
180.82471074574363
182.76516067772198
183.52481625327334
182.51242756379116
180.30117692749943
177.73357258312896
176.38091213963835
177.17724565023875
178.80732214586982
180.41409119263056
181.8861861965714
182.51434513478804
182.2668838862656
181.54351008232126
180.79017647420523
180.36828602658613
179.84083048657715
179.16992386669054
179.07080103719358
179.7192719644232
180.90204404455238
182.3305423387182
183.1251269350014
182.73221153007452
181.60532863671696
180.19879469696923
179.17689210520356
179.11355151720124
179.5456169425853
180.07187781522606
180.44918213995976
180.3352563841432
180.0622039175211
179.90942194907745
179.8306024970276
179.93093533511407
180.06302821361055
164.51568502451045
164.35204889476876
165.3411767051779
166.77596921022806
167.73383646719714
167.3041496038169
164.99413169694458
162.0792273732224
160.30166749936245
161.88123661783806
167.92974276825313
176.0165451078773
182.4565330722354
181.78881776604914
173.65593351774285
170.00802957133538
170.92430661144616
154.32742272354582
118.95540104010267
94.82728609162595
114.9075122841236
54.00593962873959
70.93237753125999
44.98873239550229
39.421221506872364
35.10676531501708
34.98521401189672
36.61413565198587
37.894629524597455
40.5006110526196
44.10470331807798
46.20827162015963
46.64281899460217
47.025066431147685
48.217256594988484
50.910931388298586
56.589151889757666
66.70148222270142
81.8050354070925
101.21214595641094
122.2493490853865
139.15717212103863
148.30266225683351
151.56185885076127
150.90187847040124
149.5342881438428
150.6607151783414
152.46533488182243
153.72815858477566
154.32489933434638
153.44558641367198
153.18243406531653
154.59576760869237
155.74510532630944
156.1944297180986
156.30907748288053
155.89319760737905
155.7613601705318
156.4554963415535
157.23678259081314
157.77219658767655
157.97022466786547
157.5643814180852
156.90040082306123
156.364660321468
156.12572425681657
156.3943327820356
157.00403391990537
157.64100902310355
157.9613349487735
157.7453499077254
157.3402700948066
157.18205571591267
157.77217750319426
159.36649940641763
161.282340889282
162.6094160846386
162.18929043901016
160.14689194875956
159.6996063186164
161.742624832115
162.60917439680685
161.80562716802552
162.88297240788248
166.2360557058136
169.50903627041052
172.45865401698939
175.9595026253595
179.41110600150225
181.62051491463134
182.25360132848442
181.60948241136256
180.1415243425534
178.95607891412047
178.85992613097847
179.3850283810094
180.1301827534056
180.62816088737736
180.38885409443708
179.9817694877397
200.37887173689276
200.11883966432305
200.4092834411764
200.709910406236
200.73935321603145
200.86359334453553
201.36020349947748
202.96810132713225
206.12491576279118
210.1823420786412
214.3638871835161
217.52857567945188
220.2744517184576
227.18941589920414
226.0325644986167
229.82119904771196
234.48850780582578
241.79677837406402
250.74807075985774
256.9304887076857
255.32290027118836
241.5035327984424
251.40338251481106
238.9939965727319
231.5632978276459
211.513025601352
222.87807178402804
223.79703982922805
229.7129823645696
232.6619892710869
231.7162571379245
231.7046547959447
234.67020216076804
234.05454090108003
233.04973046001453
247.51184170444242
245.5295753109058
251.7297212284006
251.74349978038074
250.60887244489012
248.70527449297293
245.5748361696382
241.7795679580119
237.56148078223214
232.77454347997758
227.59856659350984
219.80285831807035
219.66301710884306
213.01903356493946
211.70200967462011
209.92692475646538
209.17093485771554
208.83726552038772
208.17253625192592
206.73395528096376
204.66599808569825
202.34653582088026
200.65156356926883
200.20251024882856
200.53902606579115
201.3282206986536
202.31137719534354
203.07770580619027
203.86136695492291
204.68315114685643
205.02775258942776
204.7608032015522
203.97339095895202
202.87211581675894
202.1844871053049
202.34364726292415
202.98427320900112
203.73937353508694
204.03552199328678
203.5837553718272
203.30074519105258
203.63693651709963
204.1316947469515
204.75515369041875
205.43427187929572
205.76217136005965
205.46314516433716
204.64379127723384
204.11551950794419
203.79022737191107
201.75753327043302
187.6980192884961
181.28639326201431
181.21956890505726
180.45381175247095
177.67457138720684
177.48513699473926
179.18992575588146
180.68038466898003
181.82037728487396
181.60851277093846
179.76865246756262
178.71328079088514
179.417968492888
180.08413040875152
184.32333046012397
184.7744877388161
185.61000503362015
186.681460998865
187.55485109982462
187.21934490829855
185.25320629064186
182.4442414322687
179.91892530600467
179.5400204524784
182.26899051065686
186.32399906269677
189.69625741758367
190.03656057930607
185.27267517295488
176.18617019427268
168.88392435854638
178.41458419444683
205.79670951469623
223.01528983409577
228.59928904862699
266.9156214125301
210.59179977256898
176.90742510562325
127.36668991496983
88.21305139500453
87.74228141155967
167.59141405670445
260.48163368582993
106.23873603836655
102.4301448225743
57.58013340923583
46.556710888981115
56.83673564704966
30.76367875507108
60.23267648903764
137.18294022186578
185.45029790521525
187.85412358657578
182.78838799939052
177.6621395415233
170.39708562682526
173.82340758551027
180.25748911330317
181.31855923822417
180.74976435957768
177.32708205182178
174.78724265559762
176.8894057071515
178.78424127713612
178.95343830104724
178.56032233251076
176.87974875709975
175.49756415234933
175.6857612349511
175.93976199860998
175.96062345551306
176.40061902453544
177.04269819581944
177.96929259767361
179.16963631028506
179.76756976655707
179.3733534664256
178.4244262412486
177.28181355466174
176.59321477972765
176.8848895551863
177.7518260452759
178.7958089688146
179.61922900499147
179.80546245879538
179.68285118257006
179.52781331532307
179.38944398114228
179.46282328317048
179.60296759681114
179.72653841790708
180.07482326833468
180.7139112847748
181.64044665571015
182.84107448254514
184.07552494672882
185.1279055341664
185.9164393086478
186.23718008298462
185.8099018927645
184.55998076451084
182.67808568657733
180.58208961132812
179.07177226697902
178.6666383512484
179.0903923412098
179.967863033798
180.65096404541129
180.60684744120974
180.24694962967752
179.88150709420532
179.65825282590865
179.83244098145215
180.07120401168672
196.14611714355868
195.830431629197
196.06091177774076
196.38694926418853
196.5353295224825
196.6699872997485
196.7039572313186
196.67914576329693
197.24983540554933
199.80819368571795
204.07298228088158
206.5409470631298
207.74134807678044
215.38067110282034
212.07714880977645
215.827699390518
219.4799047256122
221.3191729688379
221.2837933170625
225.14257247096268
229.8252235640973
254.51160518056287
243.3105786970638
252.28116406741944
257.4499682096181
259.39989967946696
260.23240741598886
262.4411964901296
254.55771295467693
260.23480286290646
257.88609504761786
257.2863570920001
258.9585182077214
263.128007750287
258.5878344866983
262.6628015958389
262.4617176761926
256.60509923793484
254.19316871635831
249.2969763521215
245.96749752760988
234.7718360443808
231.50003447981985
230.53975116301496
225.35977162177286
220.58896199867516
219.10245321176998
211.07457035813965
208.41519822951688
205.50091711220148
204.7789498452975
203.50311592785596
204.68054095207034
204.1869505455285
203.2149704475641
201.6066794866432
199.88875421853982
198.43626600926086
197.70086612942282
197.45341678392975
197.5650009077392
198.26999045508566
199.4747001430297
201.0530410787007
202.72938553213962
203.73810490634986
203.52715330571928
202.02175430065836
199.84213702968347
199.0610428038829
200.7069556279803
198.80599974710708
203.4536876446944
201.90727519828684
201.33382117612516
202.07655561852192
199.10955629470052
198.37745908205812
197.1847471939534
195.54276327841595
193.67420552668506
194.11515097848013
196.46364030405724
195.53869709815172
195.04339702270704
197.5235732976666
185.2169836180742
183.61672978405997
180.7370910039821
179.73084370422006
177.57195212820358
177.76371129802234
179.65730640594333
181.05719635595048
181.40225964657037
180.92915853070858
179.77585989962333
179.08766083163573
179.5799016464206
180.10976125728985
182.59006862969326
182.52233563612205
182.06433910256203
181.346360512069
180.59564143816638
180.19625345733743
180.34796647600785
180.7130162021923
181.01618011627386
181.09241040145025
180.53612886238733
178.94836740380248
178.29517784962383
177.42320128801492
177.4050143833519
178.08493729103748
178.57526269612404
176.48771587890946
174.48205032665078
170.56166475305264
167.1488626355365
165.22804256317573
165.770142341783
167.83221794552327
170.1620406244407
171.14561790640974
169.51716584869686
166.30462510539095
162.66171565771867
159.75965736187482
158.84705245623448
159.3213921347636
160.80733439782975
163.6590683421891
167.00302933780054
169.2884635830417
169.66820177015964
168.21448391577204
165.54114086633356
163.4410370758114
163.64385349598658
166.61274113654596
168.8549319210384
159.3143171102947
171.22900654897825
173.87761491558305
178.04560685467953
171.17498170229948
175.79502459680532
167.19064121202675
172.19268337948196
173.2905641378949
175.89562616556233
177.22785863100762
176.26195275703006
175.0955093075605
174.82611304320437
174.20557917177925
173.27786441719175
172.15321684082565
170.6645735829365
169.86470123992993
170.23988936388236
171.05265611467365
171.88351478130954
172.25729992580477
171.7504352265257
170.96159299161596
169.85492663688518
167.0974400131776
164.46537768336827
168.62579807487782
167.53673280759398
170.91571468423237
172.46331845626503
173.16968530294753
172.9083885647878
173.30556616382944
174.89298826384027
175.41498269383655
174.29621089388888
173.1625012727399
172.2919636762682
171.35416125039015
171.09036220891122
172.5458373057822
175.49686667219618
177.9356701528633
179.0861049666061
180.4568136803167
181.96750961694954
181.74758036083003
179.97178846603668
178.8895662638832
179.17822046095773
179.6833852754869
180.12020228986813
180.46026771511166
180.27525112843844
179.95974020914082
174.12166299958605
173.7790381577853
173.35097587429786
173.20720943783178
173.03028856643274
171.2772785844049
168.72434883015953
167.7821115746445
164.11463786831712
163.31097335518464
163.42254536765046
163.39304679296075
162.66862291916908
162.81263878803742
157.75717157423674
156.2628264609419
156.1218531743424
152.7834230876758
149.4853234539586
149.41254924677224
153.0103215637587
149.592667498781
149.62636779338433
149.4486660969955
153.3617531510318
151.53853871105622
155.93603176301352
157.36497401800105
160.6444083878392
163.243706409949
164.89275971772847
165.41513755143592
164.07431097931345
159.80467420039253
153.53968690363178
149.47620235630157
149.220447445972
149.37966187406343
149.13796322166638
150.69980781014007
153.26112857793336
154.2202136892833
153.69281604393555
154.5709349826867
157.16756250163425
158.03255057089504
153.74375116724275
152.78738403737168
160.07047412301932
162.9430639469241
162.6672196907143
166.6034135239446
170.216142561002
172.5998712934125
171.2326900488263
168.64236172420004
165.352302321372
162.55246018179082
161.70082149619324
162.24313256195404
163.4105934728425
164.2056168935611
164.0154812164985
164.57262469607798
164.1478365868228
164.42910673903995
164.52113812664632
164.08284710079863
163.26096335353625
164.12544682471017
166.3667249317465
165.64757912383536
168.71743407404927
169.00553556998568
169.7043924921491
171.3393193412297
170.05976047312998
169.83131206416508
169.1438121323022
168.29335425363396
167.5654653302013
167.77406526541606
169.2569748634542
171.73238268452565
174.75476169911965
177.37251552580943
178.87140164921948
179.5972917479897
179.834602929061
179.90117908699375
180.19485588048923
180.33998083198733
180.16531402980956
179.9656863974006
179.7759769202419
179.74154097015148
179.96588419618007
180.14126701530253
180.1264454594219
180.05702319494455
