202.38585363553017
202.9402924772598
204.2836310618033
205.98913290990225
207.49629211477068
207.9819962485662
206.4172251848902
201.77058200401495
196.00970256227683
196.504042573867
194.53278953482035
197.8266205061018
201.0660591389345
205.11083378968036
208.02267751631385
207.61463262398544
213.44735050265842
206.71061444048735
210.3635217716911
206.2917342034861
202.9878136858217
201.3496775477056
202.37596630083536
203.22631565757314
204.01349939611072
208.90837993542323
206.88000670262576
205.00805893030326
200.80714555656797
202.1572662537287
197.5108015346417
196.6852240141339
194.59967315252723
195.12288080107908
197.943023051638
199.18384351049855
200.1960661849901
210.61756577987097
209.24964604388853
211.69166653759376
209.00259235408913
206.68219330212472
198.16559734594256
198.83806695085028
205.9777245264097
208.56096188161013
202.74424310612577
201.1423621072997
205.1749653865676
206.3360396444133
205.3425710021082
206.77454858389294
208.39604052236695
205.44522672541171
206.86864986743635
205.8305261373626
205.59655415214186
202.73497342526505
198.09031083589213
197.92962818398863
199.29804890500574
183.47637014153975
185.57028324379283
180.7381497797009
180.2849820765572
180.09029007901785
177.91882573655968
177.8290006499789
179.93535253778506
181.15498397622468
180.9817686534668
180.5814860880012
179.9865292882071
179.44610250217386
179.52735471966648
179.85372238686173
180.117907052921
180.2660104534069
180.11825152772943
179.9446897900903
179.94331618934066
179.95562839469096
179.98987534468657
180.033505703075
180.010279545422
179.9895715321287
179.9993641085331
179.9996211107755
179.99911032069576
180.0025921938916
180.0001325413231
179.9984570326839
180.00018647744884
180.00052663791809
179.9998614635003
179.9998732682839
180.0000502951105
180.0000213050079
179.99998777408493
179.99999806477305
169.7459099191254
169.91384151844375
169.9054107829703
169.88155832818205
170.00870291377262
170.49182180668438
171.7014426932736
174.07886497891016
176.83710556886993
176.99925897217577
174.83903010977502
176.7746798987747
180.81334716888637
170.6196587935659
179.80306610447465
178.58083308997908
180.723471348272
181.6657356676932
181.2868058930118
180.20403374679478
179.1250262171857
178.72467952662456
179.1517560566425
178.6254701309172
176.82747696991456
176.42365137898207
177.98449082186957
179.35696220284194
180.24017421866228
181.8253013028783
183.87646915009606
185.48861293475935
186.46772490176915
186.78637657062603
185.73381428351405
181.93481975656312
176.16560354965853
172.90148422522415
173.2860377628748
172.3546111558549
169.51915267679942
170.25236253698327
174.18748755768354
174.38043866593728
169.97939701407287
167.43101537607393
166.46608602376455
167.0306164494552
168.40534239983364
169.34110064645543
168.69847724067284
169.09946468269567
170.6157509809995
169.25086733842176
166.10593431078533
166.2849501125595
170.728180925929
172.90448339537974
171.66476347445067
172.52147089759117
175.98732952240613
178.1705713856829
178.8056326127383
179.53210726295424
180.1316675152763
180.27685657951142
180.34398245857767
180.3014922216928
180.08032437086626
179.87107961982068
179.75278374981934
179.78696768790226
179.98469251424228
180.13810252938936
180.13179206475712
180.06356802718452
179.97361191494127
179.91752733975207
179.96162537726212
180.011811832347
180.01686992356176
180.01742841609607
180.00382425983616
179.98878351679846
179.9966600965079
180.00287600256945
180.00012080625257
180.00046791807773
180.0002977933
179.99904346134534
179.99998183934724
180.00052284082585
179.99992563037432
179.9998298499879
180.00004784682886
180.0000390045853
179.99998384743952
179.99999371630864
180.0000037231937
180.00000055794408
190.56187964619176
191.00237459046778
192.35368984256638
194.39554390034925
196.61726875972536
198.11382885978398
198.26223092413497
197.28847734474306
195.89102323041152
195.70815480122403
197.26776195734524
198.21104020683939
198.46137900153641
201.82776164087826
198.5845625207643
197.9013005540767
196.27545015355273
195.56732806660784
196.33702358369104
198.9167436582236
202.13770459649842
202.69094500791073
200.95087798748872
204.76287358677814
200.8437899618465
201.43666634944913
200.90192624581476
200.84688832590493
200.86822315113253
200.877031606274
200.9725617005293
201.95949575399604
203.4144328606401
202.56544805041503
199.6741851535644
200.23112735032672
201.8476832132939
189.02341739024968
191.4635873711712
195.8542463787893
203.9057208820938
207.3648804730765
199.79921878101678
197.33202249741385
202.57303907197243
202.42215227930012
203.92224121994084
204.99411382081263
206.01902799670242
199.49652200563722
194.70877742769642
225.4928160769713
173.41747279610436
191.47474481187308
189.8165944174841
194.8546300299531
197.27315620059503
196.21436677992315
195.13400552923775
192.43026420188545
189.4477026233796
181.30963885405686
182.93026308289888
180.70320350623544
180.12761125098604
179.71261818928022
179.21575994986108
179.13097934805643
179.77296782669825
180.34902060382635
180.57730934536002
180.48589913614416
180.01364654464845
179.65160022772082
179.7177879766399
179.89545871619978
180.06418800587585
180.1712774529681
180.0751218015155
179.96602184931675
179.96554561612737
179.9709000845358
179.99297986777086
180.0212054324121
180.00652577265078
179.9937214077263
179.99971430408073
179.99962435411473
179.99939471688145
180.00163560070888
180.00007738098975
179.99905124109904
180.00012296915276
180.00031668981012
179.99991367673033
179.9999259167427
180.0000301220502
180.0000121401727
179.99999290324652
179.9999989114877
183.24282648887223
183.2647620503179
182.5847261512946
181.42303596710374
180.29618749272703
180.04935232989712
181.1883475827588
183.1759624974572
185.3355823082065
186.70114854452441
186.57319744536616
185.67275263285612
184.81537523373763
184.90112321147086
186.67231723565692
189.36522679943874
192.12457845798207
194.17274043358904
194.77758523711745
194.5659984390086
194.22811234050263
194.24447158708318
195.1573623942153
196.47685601521
197.70346610904693
198.66479699991288
199.05559684344547
199.1808037681796
199.34961463588158
199.53567539521103
199.8371271967372
200.0918995419609
200.09129978854057
199.83054670897545
199.2653242664607
198.48504130497966
197.66765342386185
196.97338380663115
196.35862272021072
195.29525329418863
193.70442030244396
192.411918995239
191.46677370366845
189.76066010841257
188.1416550093199
187.2988190384618
187.255249519247
185.3128841328798
181.41808301796235
179.58682607899433
178.5655844999845
168.85561903344328
186.2748499476894
186.37686384151377
180.96720090190118
177.34640750643354
178.18527709661032
177.69366850948322
176.72870094506573
177.5306114277815
178.89292976167349
179.67297486286094
179.79364727435575
179.8016635223659
179.92224828647534
179.99878081697898
180.13924909817342
180.2081870401619
180.06172120196123
179.92561315175658
179.88051939823936
179.89542706335735
179.99700491011177
180.07658716615663
180.0573943764087
180.01836833541125
179.98633042192287
179.9653648246894
179.9855155441203
180.00800932914723
180.006740260185
180.00495602639526
180.00133782389923
179.99604445270657
179.99876490879444
180.00128185412547
180.0000216300249
179.9999743335663
180.00013875764463
179.99974964950974
179.99997599485724
180.00015330375996
179.99998058407448
179.99994913192324
180.00001421845536
180.00001152595894
179.99999519099393
179.9999981750253
180.00000109180817
180.0000001608975
171.68428174134542
172.1738459964568
172.1293471022029
171.95728861986393
171.9388791103358
172.05397448839085
172.38571993470495
172.59737289950914
172.2904734846282
171.25014008747607
169.49050636688094
167.74867002845937
167.08522280792724
168.83625940485078
173.69561843361478
180.56511327986323
186.76030443525488
187.03178457726986
179.69654270260028
171.40059965135447
164.70571833376619
155.14934752029467
176.53653824839546
143.79302754848848
127.23843925724834
77.1989119481387
46.30356271271509
88.73676016005624
173.07104748826032
79.9148691734055
129.517235736538
69.31388133605945
67.82749316491959
74.48028916794759
102.96489316279155
150.58323246862483
195.11823904569366
207.04849399092242
181.90240335475778
171.11988317327385
179.95030849015333
176.3433522458121
154.11766880740007
152.89571974649277
172.23481743867902
181.64488284561872
176.79933278938114
175.3407686736683
178.58299910439197
179.5819090357248
180.129215797549
179.72785973760358
176.40818813749934
173.25873912382056
171.8240917517793
171.19272200761
171.63355541453816
172.68568971885594
173.6500070375619
175.2682248587337
177.51962598529894
179.3401570520849
180.36850182985725
180.61551043936075
180.13499926311232
179.68727507904927
179.77655408993127
179.9741954726172
180.1156447330367
180.17931021603613
179.99223046273548
179.85369269387942
179.93734000777454
180.0159623629899
180.057849467867
180.07126613211275
180.00001318020043
179.94895428931756
179.97578463590105
180.00010213077044
180.0082424612988
180.01519553843593
180.0033578294851
179.99238580037178
179.9979117850324
180.00115397238608
179.99985725204843
180.00068600068516
180.00025242161192
179.99931949149797
180.0000120857454
180.0003146238485
179.99993733480656
179.9999121368768
180.00003081727223
180.00001601392896
179.9999918857177
179.99999804864444
180.00000143180392
180.0000001431155
174.8704203143479
174.70590538263767
175.00242979587526
175.32032877046518
175.54474139083555
176.35579987635336
178.17866426056767
181.48344228848708
186.14370300915525
190.4237039230426
194.72859187617507
202.45534753261254
212.54850097670575
216.21093308271335
229.0321015821943
231.23880478044413
230.00462280735218
231.52014761580435
239.5647612460141
250.1298888073412
258.61426026831856
254.22729042674752
262.1526340104537
257.9943107173785
255.28019352311566
253.1128267035808
254.42339379322453
252.58522545220245
259.0617745489833
254.35160276804447
258.1721821729093
256.6088300404556
256.9453692295349
257.1509669717428
257.5350197994076
257.766960581055
257.22540343350755
255.47975047683443
252.50493876236567
249.36792502095238
245.70539607847581
238.29710923109718
233.59364398387333
226.77957955334506
220.88226457545406
214.94936462112275
209.39793120180738
205.39821410402945
200.60116867835126
186.79308119867014
184.93817550059157
170.1496269914124
180.75866558905116
180.11739885822075
176.32473876853786
170.43114163421902
172.59802577098506
171.8975539902459
172.87693368057054
174.17504831945448
174.74719382188707
175.99030187453215
177.4607438228558
178.96967774687334
180.09330928876125
180.85678341942497
180.99844443432355
180.63770191253508
180.03192360121693
179.5519716774624
179.4863928141102
179.7015758155327
180.0374698490727
180.27670644341708
180.21548703867714
180.05638469720193
179.9421525241482
179.8796960500549
179.947494018208
180.0276599261357
180.02579593412648
180.018049552944
180.00435788038442
179.9855281031806
179.9955087556795
180.00480749481997
180.00017507154794
179.99988645281698
180.00046538125838
179.99904434787993
179.9999142288196
180.00059393089322
179.9999295720687
179.9997982152408
180.00005414981942
180.00004742615215
179.99998081796699
179.9999922156703
180.00000453869535
180.00000069924693
159.62873128895308
158.91335734740767
158.05566857724614
157.17616171996835
156.15143200199225
154.62923797805854
156.01726097259274
156.2417071036741
157.17160758480378
161.444216599987
167.2370261891609
164.7896912213062
171.91932848100268
157.9084111280799
129.5066116813387
138.74881515979507
130.41868780279168
131.9791966323093
108.23037902722889
67.84347928886572
61.42396306665501
53.11924725388439
35.41870304419625
35.22695501904621
36.94639091933167
38.507397943016386
37.7220929533457
36.63790495462856
36.16036362784257
36.67450784144052
39.106697788360535
41.474416555085945
42.3370802632684
42.24904726511565
41.13598052308904
39.84476069507718
40.238162593314996
44.35111477275583
53.10831636478875
64.61433690092953
78.69000369197181
98.63772674787727
113.17497838953128
129.9331642571796
143.6787612143651
154.15474096381786
160.03250734404944
159.4374207088409
154.79055709609298
156.21968409571497
154.5846407872236
158.84460375809888
162.38488827079513
164.04132212235123
161.71585381256003
158.23441484711284
155.59299743102213
155.2997673617776
158.80834692366346
164.4486715704713
170.292216219861
175.32257910718488
178.1713502662667
179.45918856131604
180.06353094011996
180.27260886093205
180.69644917005533
180.81093597915955
180.29198266745226
179.76421373630552
179.39393779563346
179.4029949290514
179.9390228711594
180.36122042962984
180.33904953766518
180.16953188394592
179.93371582027325
179.78208906228772
179.90200516769906
180.03345862503988
180.042408484728
180.04346784537535
180.01026167086772
179.97178860848976
179.99145050356086
180.00723003183268
180.00014230408578
180.00106801404735
180.00085147657745
179.9977212600815
179.99993611560564
180.00123921553632
179.9998163067608
179.99960460121272
180.00011515535846
180.00008757911183
179.99996265714108
179.99998637930915
180.00000827776176
180.0000011867379
196.93814520550816
196.58632532728024
196.58607233110376
196.4670437424454
196.1891111537461
196.7244813840304
198.65983169285596
202.42477228325546
207.8038545884407
212.7780776181144
217.31758966169366
225.41203379887645
235.6364378654274
237.61724255820988
250.45403231957698
254.31264666518072
256.61823537515414
256.3213674156695
254.24059789930206
250.3979333372103
245.64315728452559
240.38113496326784
236.42821334199326
238.58442090241195
241.41981686209786
221.37406349113957
230.31273056214542
226.01371482396354
229.67286666726127
225.11135113160785
225.55692810924066
222.72650960624242
224.07666939142698
226.84937887589064
231.49538207287713
237.42657696115856
242.61917510892582
244.78751364358723
244.15095198413925
246.07861684108846
251.54458415604074
252.936088324119
248.81163999075733
246.14620052962425
245.59242557892594
241.78979304418633
235.18925887113687
231.07128100689
228.25753505224483
218.06278897452026
215.78441020575667
211.48559469807563
206.85552948181441
204.47025439592997
202.4892735809132
201.22019752996508
200.13524327794082
198.44745857656073
195.65854933230958
192.00217824485497
187.94471391289437
184.4182071401481
182.1426446904224
180.7333633151784
179.9242930395354
179.53637318250765
179.22784686198054
179.30785913352477
179.84318399385364
180.30993232279494
180.5177460302641
180.42444316343563
180.01597827055264
179.70388936648578
179.73987468560708
179.8900802244851
180.05478209587412
180.15835812532794
180.07394525062716
179.97504593476305
179.96718530587276
179.96805820215423
179.99256069764317
180.02093277501328
180.00657782568328
179.99463356013865
179.9996868495515
179.99906054156202
179.9994511355381
180.00185647597561
180.00003090724587
179.99898616286345
180.00014384186775
180.00033054497223
179.9999073652124
179.9999239654838
180.0000313965703
180.0000122919304
179.99999273465676
179.99999890661942
180.2791186307036
179.79197847524452
180.00814828665966
180.4302127031493
180.6864603238811
180.70963561603727
180.3461648468369
180.0116082273828
180.20840199559981
181.26625170139312
183.43764689499133
186.38798159704479
189.7036202978051
193.08143386130664
195.36825434805306
194.41412686666848
191.89517294684381
196.32133908016792
203.86817181375966
188.31963291024815
154.99159274507738
163.8993449114268
187.14964672631743
48.722391289179804
113.91219675054373
35.59309808561552
34.07158401314926
16.165521612214373
10.649193667438498
9.68146374575074
11.648991877436226
16.66140969227873
20.900855565585434
13.725346598253791
15.205464571178258
98.3643940099521
247.19484677056363
283.0112361505619
108.57236345902214
231.35753788076013
185.56541437774374
209.68972815570598
171.18224297396645
157.71303046083648
192.09237125560063
203.11638900044838
188.92106243863017
181.6915873523023
182.2035947271359
180.96941214584575
182.47481591997192
185.2206446316978
184.94465724604888
184.12918305943742
183.34438245285062
181.96225055529877
181.0326989020032
180.55413561841075
180.39829493682484
180.83765520730546
181.54944254606596
181.85863972805254
181.47098631982274
180.73464684823753
179.94603107819037
179.41780756695866
179.45434332384494
179.75449970002907
180.05256893033098
180.26430725864574
180.21648432800583
180.05964810537373
179.9550726014657
179.8929544538263
179.93324641032729
180.0049031456402
180.02434585203585
180.02919962779652
180.0124913627119
179.9891157549137
179.99234703468585
179.99815610340343
179.99952479654976
180.0031413218565
180.00111170938564
179.9984745136521
179.999802885725
180.0002302180516
179.9999384978873
180.00020740221905
180.00003150668584
179.99983609329192
180.00000880621292
180.00006466585958
179.99998642636177
179.99998215100595
180.0000062991259
180.00000333089693
179.99999822769615
179.99999968221846
191.95063006024884
191.85708758494823
192.97632288187265
194.4140199529365
195.56749725690733
195.58701600290746
194.7416868563708
196.376975337847
201.08183465218755
204.10475598909574
205.51860791063862
212.56646969638743
223.09369082106645
221.1760681672841
235.09933607879123
235.835922263945
237.65294156326902
247.93001886243735
245.05770942030253
253.93678536022563
262.63826185382607
261.4282439456452
259.86386505289585
257.81105052185586
259.89365624198837
250.40366925474004
256.60824623120027
254.0876319491704
252.40056573543538
247.59830426227518
248.9463063226346
244.81275312627162
241.35557983210063
248.3248527807609
256.1402908537856
263.28088949978564
262.56259468820366
262.715488879385
265.4592896973172
262.3796982420159
254.74898668408554
249.77238408118544
248.03628937023274
243.02006930293376
233.8125560627394
227.67734755677657
228.36320485091494
217.735956802972
217.25655813362314
211.37077451783642
208.4946677020851
205.1947876160448
201.99597025858597
199.7994704122386
198.67884577952094
198.0421274174675
197.43088072120372
196.14900631112252
193.7382975019578
190.82017823393687
187.59585017738684
183.44197771029644
181.2011924563955
179.86351766790403
180.21477388029962
180.2554711295472
179.33628481059972
179.1173488808115
179.87919986355652
180.34953961539884
180.401783476974
180.3352694014045
180.0361749550268
179.76185173733992
179.77294339366924
179.89704305432133
180.04577453536945
180.1386322465192
180.06452239781947
179.97931858434222
179.97179257215473
179.97141913937895
179.9932954975735
180.01834017475215
180.00574066946498
179.9954409208321
179.99978636416026
179.99912610664708
179.9994977297608
180.0016152907964
180.0000250306709
179.99912876440067
180.00012767865567
180.00028052588385
179.9999198235651
179.99993657059937
180.0000265821829
180.00001008467638
179.99999396604017
179.9999991109707
177.580894178401
177.53178785035817
177.30292489778773
176.3397816464933
175.04596117303703
175.32180335205902
176.39421435344963
172.80387969152113
172.5989564954843
175.33657425075808
181.14566844790468
171.04195413490024
152.13992230159974
175.02392117625803
174.41866073710236
165.84365842206626
171.22313933258576
171.52564365668593
168.59528841224832
169.9404448719785
168.06966334544313
167.08857239177956
166.5659588539963
166.70732222547528
167.65296012293229
168.16774812293244
167.66614695821704
167.00316368895264
166.3481108340196
165.3211678585576
164.11646001938712
162.90538932530941
161.91757636813418
161.8979998883531
163.1875055428958
165.3254151541555
167.61744781049418
168.7895079686442
168.03525766921445
166.14203796766452
164.8143824792994
167.44522602250942
172.53192310047282
168.28507905194417
154.28577076891278
150.96866243551088
172.03511858321468
171.085557157232
156.61120844981534
187.9632112730444
165.45518927783908
176.48149938335823
179.16827145191797
180.62802983217483
177.74979290395237
175.92936214659858
176.4545279961605
176.34206270652356
175.9204086794765
176.94074857228586
178.86175242366858
180.1568679049685
180.4259976757301
180.27378659339038
179.92785000038756
179.65557620039203
179.83709586984338
180.07006072878607
180.1002873558476
180.09240089460448
179.98994287205542
179.90424613521077
179.9670678839636
180.02441752543115
180.03004364686598
180.02962591282053
179.9988057473099
179.97393206023995
179.98890683853966
180.00255021042108
180.00399936274067
180.00596914541356
180.0013683206033
179.9965040489741
179.99904935938713
180.00074971129206
179.99999863403713
180.00022030856903
180.00009106586327
179.9996908017236
180.0000009899325
180.00015871758055
179.9999748231545
179.9999502669916
180.0000147147415
180.0000109499244
179.99999530078387
179.9999983020999
180.00000103580462
180.00000014750387
166.82939786936936
166.78023030348447
166.49447425120215
166.71697464028125
167.35592853918718
166.809126842584
165.52638780296084
167.24821307089704
162.978254785904
163.07095394103774
162.70207929935185
156.74405434970396
155.55298350700144
155.62421848833776
152.02325710555553
154.51820986786262
154.54916614603098
156.62562226028822
158.23888921558043
159.66068648692084
160.42227353103226
159.968072120385
159.1727030265186
158.84779744128159
156.67833540968132
157.309429223048
159.4025267587901
160.16200410448874
158.85514884283154
158.86020084083006
161.2687531914051
164.87588490632024
164.08651275424523
163.57755148297107
161.42934157774553
160.45094206736633
154.5650592792398
153.2990158154545
154.4778677321541
155.99072335835615
156.65027722612209
157.60100421700676
157.99844124807404
156.26691976192052
152.86258111287765
150.74917396835454
150.67495005749024
149.94116766689436
159.5035709293224
161.52893795913522
160.35233800944553
166.92416619680662
164.3649035127157
164.8432748325527
161.97198136600264
162.43613304852775
165.79418056242386
164.93033197726908
167.8467070354863
169.06552889440323
172.28267792896602
179.38627671853854
178.26147265534468
179.69439613434858
180.16214132551366
180.04167195236735
180.30437840455266
180.43286021875412
180.1802247904259
179.91439438694923
179.6833042182933
179.65608724257677
179.95377005856813
180.19197564314678
180.18931413825356
180.104019848451
179.96614440112845
179.87558197712386
179.94287121233626
180.01669975224695
180.02433275116437
180.02675006544345
180.00596249777368
179.98314828628858
179.99503218219508
180.00416298493397
180.00013632431515
180.0007791506444
180.00045391622635
179.9985548397888
179.99997837936166
180.00077844378205
179.9998859043619
179.9997493348792
180.00007158190826
180.00005673740137
179.9999762428422
179.99999096893052
180.00000539930187
180.00000079661277
