203.05296143716419
202.25068077448913
200.55821265242037
197.83866258057964
195.51321035861076
197.35859479415558
201.19026390054074
193.9991152976916
205.19196923083473
201.66348655979814
204.61794621156264
207.7194119055694
201.9114070487501
200.45825452769094
199.43421539840244
198.87657177674603
199.15525575188175
201.9004051368986
206.69952106010064
211.6083473310569
204.47724518495352
201.10206829168985
201.58892682764304
198.808100694616
194.4700552565024
194.20835236996814
197.7563675142557
199.01408564735155
197.64480956899027
200.52238883252696
207.48517409495898
209.34375082856528
204.8889470203189
202.8614447167278
204.80075406558373
204.90779358187808
207.3747489956049
206.53941042140417
203.73305233891796
203.9306654246114
210.51183517431983
212.71020681413054
209.1111765789181
205.2113201479589
205.93593464553754
204.28826900404863
206.80661302298506
207.30280733489502
206.19628031754343
205.54208028793732
202.4196782587368
185.29377701640553
185.08592145004638
178.26755037371237
178.27885245321363
179.10508860250263
179.28613527113407
180.27539333913808
181.45665988139197
181.1143837815743
179.68020589818516
179.00637400569062
179.64370019160174
180.18844318325438
180.21699784567423
180.20584244282855
179.98666415747005
179.80112911284266
179.9522473530747
180.0681871835542
180.0389490764224
180.02712714727173
179.99290177802723
179.9611998548037
179.99240804479797
180.01453746353485
180.00345810317185
180.00009514858112
180.00047239735702
179.99731080944318
179.99961520107354
180.00174884099147
179.99986125877967
179.99930604778726
180.00016732835178
180.00017478077694
179.99993094316943
179.99997245744868
180.00001596464017
180.00000258452127
179.9999976395074
179.999999861221
180.0000002627675
179.99999999148395
179.99999997972506
180.00000000352634
180.00000000000009
180.00000000000009
180.00000000000009
180.00000000000014
170.71482948128417
171.1151940306951
173.16861609478732
175.1285592213318
176.6136542079867
179.09020274929796
179.8118444928885
169.7379142352891
178.0638916339426
166.60894036474147
179.78967543476952
175.23254367548984
168.69540862609418
179.7804542414946
175.88905614334945
181.55461800744408
181.27219302285394
182.19213737062427
183.03825307442364
179.97974114871053
180.49595086720885
179.7043395774699
180.92291657671007
183.25133090492315
185.85092992310703
186.44416363278205
184.11053238282017
181.2355157621316
178.1600474280248
171.96376232206498
166.57056382661477
170.12690927990164
166.36604873776412
167.59556267085236
164.84237896370607
159.77524222612786
154.0477262249336
154.4691879595633
161.60045711530438
162.5974989059829
155.23432968859018
154.82695117740485
164.00817205360894
170.12504644058527
170.79756582183614
171.00541373570766
170.3732646665323
169.7770462444054
171.22232713984585
172.2982248117742
172.13359880500522
172.7912726428232
177.5433062765219
179.7792245899382
180.08969208054776
180.055268913794
180.03025855810031
179.81245746111452
179.98057663144792
180.20598174540154
180.1325971552955
180.02450887722597
179.88260009868713
179.81438069722358
179.95691505515927
180.08159992988524
180.09040188593724
180.0623074397668
179.9894348153284
179.93702026499784
179.96882760640412
180.00444114054102
180.01182604453896
180.01620294653083
180.00406296103552
179.99133329214675
179.99717813088424
180.00143365153824
179.99993977315478
180.00077391959707
180.00029403418142
179.99917691635147
180.00000913642927
180.00039143023903
179.99992556505816
179.99988788978837
180.00003803114345
180.0000212740199
179.99998960231045
179.99999724847373
180.0000019260685
180.00000021196
179.99999973836913
180.00000000847933
180.00000002018734
179.99999999648898
180.00000000000009
180.00000000000009
180.00000000000009
180.00000000000014
196.3204387483981
196.21043453905924
195.32499291936892
194.5994595995244
195.11249011043088
198.70196115991166
204.29330393575796
204.7083064639611
199.37888771069223
200.1800652933747
208.24059699445664
208.00264379712405
198.9813527977683
200.7738322080494
207.51249076779007
177.6523419510076
202.07839524151777
197.58455255533255
200.42320577005626
202.80201039831428
205.44161633439586
207.76143466876525
209.9517422533097
210.00645604650515
207.43165527454545
204.8267989271155
203.65910797722728
204.27254329754626
205.3198000006689
200.42120009568748
192.67185726297984
203.8323020752713
200.06204001179395
204.3092696911301
200.11626067073573
198.8468694031015
201.01422413442825
200.50500089200318
196.8984831568773
194.16197466606803
192.69694004888618
191.3717523282594
190.8205134424029
191.4951708430074
192.67045650404413
193.03777023021968
191.92315049366636
189.91810239123913
187.4983396194236
185.21608461007125
183.68892453064814
182.49310801687105
181.37541343198404
180.53601347460346
179.88378085399665
179.61379418670123
179.82165566973572
180.0705281471287
180.1563894867528
180.13352527704316
179.98250471916128
179.87667658559897
179.95002404821835
180.02554984266445
180.03811372556837
180.03533377569522
179.98839862833327
179.95830748232186
179.99160854139635
180.01577836960425
180.0117615769588
180.0076001513663
179.99708813196472
179.98960933589598
179.99789605142152
180.0037771412499
180.00110862220987
180.00014338529263
180.0000771258641
179.99919443248714
179.99990385133424
180.00051895187
179.99995748716623
179.9997925760433
180.00004914670978
180.00005309220796
179.99997948948456
179.99999130510767
180.00000486839556
180.0000008887928
179.9999992435496
179.99999994622522
180.00000008865652
179.99999999712674
179.99999999315938
180.0000000011898
180.00000000000009
180.00000000000009
180.00000000000009
180.00000000000014
185.75027878614267
186.96310763044735
187.1582299932693
188.28350753838447
188.64929692830455
189.213962416231
189.59127957592963
188.35354261652233
194.58080770897897
192.06603081758817
191.52126125523105
193.23451617877774
194.358165833782
194.20517210695695
191.21057526898676
201.0885430618259
196.0291221830817
198.54858407298227
197.0802998278648
196.4806507609687
197.00204844926458
197.14279686447048
196.83268954730195
197.46440424882965
198.81044244967026
199.19627179550585
198.24686600821383
197.05022149330958
195.91651899763286
194.64668851929656
194.14984738512098
194.90599286515575
196.06253802860212
193.9771707407762
189.54435390049082
192.0772724355541
185.25280754689499
186.26990136999876
187.52721343013783
186.7207550665749
187.34720263788617
186.4872847148022
184.9318787988957
186.85755528245255
184.3130588622021
184.96869953181277
185.31806145031996
184.94578905237958
183.62396523118647
183.13303542535252
179.5498511830667
176.19139441303255
179.06793030863582
179.340884059197
178.943969432109
179.0425854542529
179.66554818986484
180.21145772623373
180.82557629383888
180.81723657080005
179.95775748843616
179.4403512555996
179.67030687222731
179.91940862673752
180.05468763851886
180.1831167822833
180.11368780255165
179.98659623865933
179.95824867650862
179.95160118289215
179.98175354735747
180.02111087361328
180.01138873006215
180.0001707725345
180.00091898221214
179.9962360167116
179.9983565381734
180.0022267020297
180.00014433149573
179.9993942179951
180.0001853351026
179.9999323888655
179.99992527197801
180.0001184950556
179.99999975653103
179.99995098429252
180.00001044951173
180.00001287002942
179.99999529742038
179.99999771418302
180.00000125002396
180.0000002143804
179.99999979345537
180.000000006694
180.00000001593693
179.99999999722823
180.00000000000009
180.00000000000009
180.00000000000009
180.00000000000014
173.71725215236557
173.69536343761888
160.31440532057943
164.93568736314296
189.0393719825907
193.17426014613264
199.2634207141476
321.6186726694958
171.41250419609764
182.5332762021751
180.90051240856997
199.45055806367674
198.12834087054873
187.852487620932
172.06109980340685
159.45490049195035
163.01300450628253
137.4686327888136
147.157940591272
135.93531162151297
129.58789449908525
123.11372993505071
97.13449550134138
97.94415681142185
98.62444827188678
89.4701412741703
107.6798018703019
145.30456481421893
163.8363329882757
190.56554203474116
196.5772211045331
190.1981836524356
177.34366804821215
173.74522824786635
168.8843141893263
173.14092102129246
175.1348551872482
176.23521437680222
173.68655968333283
171.12640036236849
171.18914827816633
171.50827679738666
172.002892555656
172.2609421422423
171.30018016309936
170.71142787609017
171.23125840519808
172.0593462411545
173.2371695249409
174.73397495434716
176.2032266692708
177.84245213284836
179.55998474756214
180.7181617107174
181.07378829579585
180.80534103649438
180.1194503042774
179.55338073304682
179.51146114739993
179.74377043714907
180.06035289064056
180.27802909840585
180.17323702683183
180.00108267288005
179.93306343818054
179.90619211039547
179.97576598331494
180.04622271196305
180.02220401767775
179.99903023151717
179.99462529179436
179.98648641110088
179.99879376232042
180.00966286188418
180.0019305232438
179.99781454903143
179.9994788098594
179.9990401676276
179.99978880962345
180.0009264735441
180.00007786261583
179.9996021335547
180.00005783136598
180.0001120335773
179.9999553811157
179.99998525963252
180.00001278883107
179.99999783965632
179.99999888535882
180.00000117390175
179.99999967201205
179.99999985555408
180.00000009638245
179.99999999687637
179.99999999256323
180.00000000129347
180.00000000000009
180.00000000000009
180.00000000000009
180.00000000000014
184.11812804623335
186.66978579636378
187.32652320336663
191.6072563598413
200.57362990295172
209.58633044276144
229.2768435447679
230.29801106035066
222.6672362605722
217.46765162491047
233.35019572532434
232.03698752579913
234.37068696241784
235.5847433281458
245.84537186031713
247.0115461845519
248.45798924924557
255.62894711916954
256.163536527835
258.81835652723464
257.5614594498039
257.74500500414393
259.6905363936337
260.17077968361286
261.9875196660802
260.5867439298721
257.1669156125117
255.01739120473093
254.06738964221643
245.89998663658025
248.4004389902428
245.6745854210234
244.1105175024041
240.25432529264376
233.63894834646825
226.05826812531888
218.65223930510356
211.15697773898452
205.8038861641869
207.3983788885759
201.64008354745994
203.83794773906516
196.90435184660666
195.88874521481588
190.38592510557507
188.1918785290474
186.62590212685046
184.38913845641957
181.27315083386029
181.13905186892154
182.4239700470964
175.21079063163415
174.71639253766304
179.01885267939292
175.96204869189873
178.16341319609688
180.14599587096794
181.02062653641616
181.24828153423854
180.7646767429848
179.97192359476506
179.38094835410297
179.42767980411338
179.76254996547704
180.09993433641915
180.31433863011907
180.18771166425245
179.9906649924194
179.9314238917577
179.90977093533428
179.967783783739
180.03756268218075
180.02048592392754
180.00173263499633
180.00075032990756
179.99162374177016
179.99737615459574
180.0049433405351
180.00039512631145
179.99871959202954
180.00024257164196
179.9997782502314
179.99986225670054
180.00031276213318
180.00000431896768
179.9998626093705
180.00002493732313
180.00003997131827
179.99998654241864
179.99999231551303
180.00000399316545
180.00000074359116
179.9999993120918
180.00000002229464
180.00000005307868
179.9999999907684
180.00000000000009
180.00000000000009
180.00000000000009
180.00000000000014
150.992195195113
152.31380241102846
163.4301778887489
164.65196507029674
151.70809606851537
145.6981139575827
138.12485047192686
79.63694277585981
165.5473020017303
149.43800730114222
91.34506371460915
143.39882763170255
97.71903219762962
104.88194703937627
78.30253627698758
66.30009441824707
66.06912038371355
59.21113319997962
44.78066884919443
37.876188587539666
39.755444889840774
40.12790945844658
38.08919389312998
37.96149669248028
38.738470403144355
38.55217908135834
37.920178537148864
37.099186338580914
36.68191477230082
38.90172995366237
45.22028964986947
55.30349707410288
68.85933879394896
84.98558089284006
102.3344132656478
120.42103007526043
137.62597702633164
150.67158057651255
157.78181193409992
159.38528404538494
156.87191310538398
153.94599755893444
153.371060182573
153.88430989907172
154.7734726587327
155.43704654119608
154.94518623649248
155.24203307917193
157.48532143707712
160.90798018860556
165.49197826227572
170.52177416000018
174.8918453529966
178.3091194501201
180.36868235595895
180.9077282703838
180.40458980075502
179.79402175894802
179.7200809937937
179.90834432053356
180.16170258510581
180.26649557084903
179.96222592619597
179.75297046480728
179.88133145061673
180.0174359949737
180.12405908829214
180.15194765370617
180.00236124140534
179.89791066569023
179.9440854778155
179.99199998497625
180.01830542903014
180.0368243294796
180.00850947387244
179.98354862613468
179.99489445370315
180.0013517683917
179.99965356301706
180.00219955174606
180.0005746341343
179.99826780610255
180.00007184213482
180.00074194485242
179.99983326983272
179.9998069580939
180.00007436357072
180.00003089159512
179.99998239474368
179.99999704580136
180.00000264094
180.00000016488562
179.9999997014127
180.00000000967705
180.0000000230389
179.99999999599305
180.00000000000009
180.00000000000009
180.00000000000009
180.00000000000014
213.5022692240294
215.26770880564257
216.08668133352387
217.75875978566023
221.64549185295095
230.15440801905166
242.34646309265472
249.05848219717456
247.095489236026
244.82035543084416
255.64876561751595
257.6846569650707
254.04901790333776
251.37346712502008
250.1402483440215
247.544693469586
244.61442256047366
242.20627797842434
239.97921065840745
238.35878438176732
237.39612300197274
236.14819312260062
234.29941087722173
232.4908915075229
231.3047366494365
231.6729632108193
234.24204577803965
238.28766322541983
242.9471036747955
247.15289313839162
249.99563115494905
252.02559544342648
253.13118971820688
251.89753633989335
248.9821063279392
247.6973169870499
246.84084195036453
237.68551834595263
236.89413959834832
234.71915682878983
240.5605022465995
223.80502522433736
228.48947778991445
219.29271767932704
213.44217738277672
209.610230241798
208.2622025321349
207.65012172250218
206.21904346206298
203.6076821030385
197.95745525834835
186.93575254784804
177.48235263056523
177.49830046976248
175.31895295387264
178.65912688928557
178.92702916084997
180.51252458575024
182.45062241313207
181.9363359983022
179.57300505680692
178.41589163441574
179.31782962444612
180.12704368692704
180.24914349502455
180.36054908489206
180.12927492696687
179.826257319458
179.9026759756377
179.99468198126183
180.01569260717898
180.05365069147686
180.00791183311486
179.96486879890767
179.99268537262907
180.00679987713053
180.00162510467285
180.00432601273397
180.0008272794636
179.99634607634852
179.99975051987303
180.0014590608812
179.99976296067462
179.99962407709512
180.00016744949482
180.00003633290243
179.9999556549059
180.00001347690986
180.0000023329669
179.99999458187264
180.00000176392533
180.0000006393271
179.9999995474294
180.00000001466753
180.00000003492013
179.9999999939266
180.00000000000009
180.00000000000009
180.00000000000009
180.00000000000014
181.70310925756516
181.62853957681287
182.74383500137927
184.20426038321293
185.49005396835267
186.9354822502454
188.6051650825276
191.08267451878314
195.23774920332204
201.72975163618779
210.54785616645052
220.10313166633063
228.04992393513766
231.22820875178567
221.35470489572606
182.6859265210258
139.7829197181408
189.96180008192542
314.49385154809573
280.913467212056
76.51465248158789
63.13997807861553
235.69763996831372
35.10793918174467
59.52214585545871
-35.6922989526828
5.194244557340472
57.149499929197646
124.85126427771601
250.24095193214652
221.48092815137167
219.1120139026414
192.57326913787895
172.32461333144306
176.42014683322927
180.5235119489875
170.65250477092258
165.00460880870105
163.59019373939194
165.0990778032386
173.78011489157905
181.24600286871697
182.29126631710471
179.6335566143835
174.40855536988425
171.90299720328613
176.12448856157053
182.3402547775198
187.764867602014
191.50651607153245
191.32109446509298
189.2007255924787
187.09745252647664
184.76734540286162
183.06775858402452
181.67120575877817
180.020044131818
178.88653901362017
178.45215520300047
178.77237621749615
179.85414149777864
180.74886482914013
180.88712644081284
180.55862170406579
179.93504549991908
179.4901086670222
179.63560362062984
179.92216910064278
180.09983487741982
180.20198775212907
180.08588498637434
179.94861109156878
179.9583563610746
179.97426793799482
179.99186364317507
180.02157990848775
180.00762781826867
179.99291031688193
179.99989959475604
180.00022867805825
179.99911303791893
180.00131475080917
180.0001566297954
179.9991928704118
180.00010914090598
180.0002598457404
179.99992309331174
179.99994455759386
180.0000243412746
180.0000082138751
179.99999484608543
179.99999930207466
180.0000007626338
179.99999997528366
179.99999994115566
180.0000000102345
180.00000000000009
180.00000000000009
180.00000000000009
180.00000000000014
202.26579972110326
201.7605039930612
201.70744669757303
203.39563856794436
206.68230383342015
209.89248717532482
213.93239903006804
224.17909572801773
226.5118195990289
227.2981529535209
238.5040438861734
246.97470253664247
256.0057982960173
252.53717989937488
263.91143954349553
262.8397433403479
262.1595061564682
262.3845263862289
263.0899303352107
256.1239948499004
257.5893532104309
254.3834933171287
253.71341486564054
253.9715194074607
255.30449958795631
256.99944317169644
258.67260155502623
260.83773074213394
263.16323716029365
264.1272698693569
263.15937549519447
260.85771276870526
257.2698116736773
252.1223758688079
246.1763809494492
241.1071239035305
236.86062921743283
230.43604847338497
223.71695698352082
227.09913931869738
220.22798683628383
219.62605171968255
215.88393736881622
211.8672685601067
207.88216613284186
204.92161195452599
203.43740846180884
201.79774341512064
199.2979925246414
196.96311563823087
193.5597975801886
185.23872770441946
177.1891289659929
179.43922161631184
174.32108904841107
177.14031780753956
179.9185616621776
181.76727804792316
181.86387133161935
180.90264256822223
179.76193802334566
178.99144367267192
179.33404327990414
179.95843258408843
180.2289573482588
180.34781875214415
180.12229361265403
179.8655897287312
179.91629793020545
179.97912212291683
180.00607051265155
180.047805661676
180.0095933023122
179.97358971153304
179.99453005679143
180.003577280313
180.00078676985672
180.0042396907822
180.00071502761094
179.99698117316225
179.99984407861066
180.00105973222037
179.9997953697899
179.99977904519656
180.00012840517363
179.99999870371417
179.99997129671104
180.00001887926686
179.99999892512415
179.99999419096144
180.00000220929692
180.00000065065254
179.9999995049589
180.00000001604397
180.00000003819716
179.99999999335665
180.00000000000009
180.00000000000009
180.00000000000009
180.00000000000014
179.05413326561003
178.93365896302416
177.04415946668536
175.36356394580756
174.24098150976417
173.02842740628873
173.14578663769245
178.14125168361625
183.55771295438498
171.40160722450904
178.14872747576865
172.7286117550042
172.00753766251285
170.25046051476252
167.92138323157752
167.1144330703854
167.84918959742686
167.98754266070836
167.03336742595167
166.29764513401705
165.96855841739972
165.60666238318794
165.42343810649348
165.36376320094615
165.2637623637625
165.34248475155857
165.75864644437746
166.67403341372082
168.01373494456305
169.04209305436586
169.55884583034822
170.4232860406712
168.58526531825976
168.9365255640253
170.47617389192789
170.9495012538745
170.60816166071598
174.01811251485452
179.1599861541448
173.99267824137993
163.6603130538435
182.2293904126541
151.14284288846716
184.90506555820318
174.7260691459099
179.49108540480898
181.91286533544314
180.05114924857588
181.30701757447866
181.54046845010117
181.32284572608904
181.40621104760794
181.27609626150226
180.86483743862317
180.35277871295082
180.00514956734182
179.96711490809224
179.9715471472592
179.9245645974511
179.93760892964076
179.97002134091886
180.00597933987024
180.06544803985696
180.07070974733534
180.005729153335
179.96015060683516
179.96340648241605
179.98165290680504
180.0089031985532
180.02505915345017
180.00889360359704
179.9939018512557
179.9955245118704
179.99673009592175
179.9995078991632
180.003080839653
180.0006618703475
179.9987539524135
179.9999514383593
180.00015960457037
179.99993135270236
180.00015728537906
180.000023170182
179.99988139826343
180.000007746673
180.00004552624182
179.9999900056198
179.99998774499622
180.00000441666333
180.00000224665314
179.99999878965917
179.99999978729443
180.0000002024422
179.99999999343905
179.99999998437974
180.0000000027168
180.00000000000009
180.00000000000009
180.00000000000009
180.00000000000014
167.93559174071558
166.60645124338765
166.77122693996745
166.52811449046828
166.51121845342277
164.30709413017064
160.63025593003556
160.26098405171138
156.25021719153006
154.49092228464815
152.98169197849177
156.60165484851288
156.0021330752987
158.13824456085456
158.51492720271972
158.33907355083525
157.94982516329807
158.16519717977695
159.13845925765295
158.96445953432033
159.38726223539157
161.22280755855078
160.42851690770914
162.65915395018422
162.84503211643874
163.29032028050196
162.43782755015334
161.2477433575441
159.3829119833928
155.17115280739506
150.42979062003553
152.66344911768536
153.32312561541394
155.7126761647462
154.46042181338902
154.19698830938887
154.10313136361071
155.1649136004222
157.47982611000796
160.17515305609666
161.9817193234785
162.36439988837836
163.16674293949234
171.60108004364233
167.78975559557
169.81171897616838
165.84947643153475
168.5533601000647
168.45807812819464
172.38418410711245
171.66032186859456
172.03654667828022
173.3783752947547
179.7540766230364
178.39594323336811
178.88687793552984
180.23342302775413
180.4546853870973
180.37105348076682
180.43803578148072
180.09764568572737
179.80875019471796
179.68110284248345
179.740466598091
179.99227714745984
180.18311051346802
180.15839627989064
180.06491632679655
179.96540604707414
179.90351900775957
179.9561313688888
180.01660135077543
180.01975663001343
180.01833862359172
180.00427493430303
179.98752195216935
179.99614573927755
180.00340025585592
180.0001678127604
180.0004133100089
180.00034141148694
179.99896149432172
179.9999698981459
180.0005804573769
179.99992027736025
179.9998091772234
180.00005299329467
180.00004411340967
179.9999818698823
179.99999284168533
180.00000421734273
180.0000006382382
179.99999934383635
180.00000002126583
180.00000005062927
179.99999999119441
180.00000000000009
180.00000000000009
180.00000000000009
180.00000000000014
