199.20459097053765
199.47582087326515
201.08916697563407
203.53628257179207
206.0699489299286
207.3695638014204
206.603174027151
204.54570611373296
202.22654945009185
201.17916070854827
202.50797137744496
205.09650964939857
207.82800666560627
209.6700988692222
208.96335220534957
204.82818377026283
199.72508774308622
201.77249392576667
209.74553276005503
204.03171364816708
186.40119981180797
195.5596346233784
197.49781139307103
209.4666464018818
210.2212261541573
208.75092685756758
205.9952501394945
212.56837255230263
194.25508005238018
189.78104992007826
213.51869971908556
194.11822992733283
193.89517603789363
190.6784426971969
198.81858276896338
206.8122131450571
208.090235962026
210.1390619935825
211.46871157334516
210.68853472848758
210.2332294059167
211.97928279288158
214.28280114226544
209.82913546094397
199.19822485123012
198.10265466529208
209.16665470060192
213.61980429937842
208.03776058314645
208.45362640891582
215.77913108963085
217.32665616926087
212.73269269384818
210.5490493942829
211.2662346863597
210.27788168135265
207.74824038400337
205.7685916693933
204.43851490505313
204.51047863667526
204.9626462308888
199.72559155167957
188.3814085322193
181.21956846537608
181.2897427619537
180.43765970817864
177.47166797490016
177.29968285973862
179.29990549225568
180.88510655324978
181.80635693280936
181.50460235400652
179.77098824731686
178.74335640903936
179.39525023557394
180.03901500832026
180.18915734391183
180.32216929647026
180.13219066605316
179.87667442393132
179.91962652508863
179.97777093219685
180.0020817625595
180.0429819119752
180.00908107244658
179.97675866767636
179.996730203511
180.0042182058426
180.00011423468837
180.00275509450427
180.00037391020678
179.9975811835016
180.0000359821381
180.00104316350135
179.9998174155272
179.99968450182436
180.00010332347193
180.0000625467093
179.9999680508497
179.99999388719772
179.02455559328305
178.62457276356736
177.26804934763942
175.1360211014527
172.74210035813047
171.23104393572746
171.3345356710716
172.71754952894855
174.7917360765412
176.30570164945215
176.53915124489424
176.75991629086005
176.91508291481853
174.73269722333293
171.4805082485788
173.4470479238755
169.33091495052832
173.34326785839986
177.4719165737179
170.0706816979195
152.70210082657238
153.6946847964938
160.67808879292716
172.55968577228006
176.35232685533322
178.92198573109314
178.76580577784773
179.79689590072937
185.0763770728857
186.95286546455208
173.60207521670776
187.33894045534151
183.84713637799868
185.85958369282957
181.7572908351576
174.57416704267766
166.25100678691027
172.6535396262125
170.93155334765524
167.232656446274
170.91848130047532
166.93470172984
164.43122681561135
162.72839400573943
168.03442387987022
175.3075414646801
174.8643510461536
174.6979530954071
172.62865156324364
177.1207347115976
173.36219813410798
173.6123864383869
170.82945390867457
169.9158167569952
171.6693088387726
174.5296556929125
177.78935654224418
180.38163675101336
181.10549208857867
180.65800812246562
179.7835302737621
179.12144742519544
179.3899404492519
179.90794049910306
180.1744903881454
180.3044695540537
180.09346496854803
179.86320280541958
179.91317330097058
179.97944863691797
180.0276080017019
180.06927708531816
180.01071756174807
179.9617631501709
179.98229049812446
179.99697254586
180.00450964754526
180.01308482129815
180.00293481221476
179.99416081139805
179.99863145506805
180.0006270842553
179.99967300331105
180.00052532325049
180.00021645483957
179.99955967594934
180.00006737764514
180.00022832338925
179.99992318931578
179.9999076038352
180.00002537705512
180.00003318627103
179.99999432168633
179.99998841935468
180.0000024026377
180.0000035435716
179.9999988314975
179.9999992754316
180.0000003675831
180.0000000710903
188.760565961078
188.95946407211613
190.67370684622009
193.00296278796628
195.42051130968045
197.57575767319375
194.8698254404672
191.92282968083296
188.76703847679534
187.85829755460583
190.70747467369102
195.72509686479134
200.6016204027132
202.0792156002656
198.64185372607318
194.70024039971136
193.56532133282002
196.11040624220485
203.50903175866432
213.03571792863923
196.78585540995664
203.52540076187196
220.39273914727033
208.02150233649385
173.55729339828605
199.09497972972264
193.65891409560953
205.597974912848
191.16485751937552
198.12585804936734
201.55260726586357
197.5632015593067
199.63472124064612
197.53711700467196
201.18830203097286
207.22349848536248
183.06998422526436
201.85258423839372
202.0161620490793
207.3512924239303
203.78272379864117
198.03824194476186
197.64369880789715
204.77350925392454
201.09330433590614
192.56733999357866
198.80830267902968
204.2172984013443
203.6494926065282
192.40537953662988
199.75131343403737
195.58126413929324
195.18975207080175
195.25574167974037
195.2812595095229
193.6004895505965
190.20926289869948
188.19663894963574
188.66700701950808
189.30332728149293
189.11975943126217
187.624793502233
184.37169949328984
181.65080971419195
180.64741562956323
179.6229757442703
178.53430155348914
178.7595805881912
179.95622292813317
180.7290413660962
180.67868562684595
180.34187413853695
179.90325030774198
179.59937193057087
179.76190262238325
180.006208483206
180.0841288297108
180.11958865912283
180.04225889413274
179.94993383315585
179.97061980923576
179.99546161517208
180.0023128927666
180.0155156282078
180.00289975480712
179.99063061745127
179.99850842512785
180.00194334319085
180.00019852914073
180.00099096726376
180.00014907910892
179.99905246748412
179.99999484852503
180.00042558970446
179.99993135490647
179.99986707074282
180.0000424023811
180.00002685332316
179.99998645734084
179.99999735652509
185.20598917734958
185.38895333114255
185.21060698308966
185.01426746896732
184.89983696065246
185.06552355002552
185.7136401851857
186.6694878277637
187.70125667064355
188.5130258584532
188.8647347601457
188.92792083864495
188.8777345550139
188.86596099177825
189.06073024933298
189.30882797554162
189.42408582776758
189.23934850563487
188.80014553482525
188.80152926395127
189.40049285430646
189.66908684719888
190.4901356690076
195.622659727653
202.71190867078602
198.92713055495653
201.31304743750547
199.75484575328372
202.97268730796478
202.9682160978124
200.21837836252521
202.37369516594453
201.19852107970462
200.99688197656087
198.25598756530698
196.44327134567916
195.90783191530065
195.17446593910338
194.1229637438395
193.2705977614783
192.6506737740984
192.95323814481876
193.35118534598985
189.66611348016343
192.05957778957918
190.8835974678281
189.71234688262027
185.8681306704421
181.5388465772612
185.93801650494677
184.30387865071086
186.37781092992944
186.75050137288378
186.99565768835046
188.09540053216216
189.01075111791954
189.85100862621945
190.21413152695106
189.74372662620797
189.0153714343817
188.01913439186114
185.85964106353381
182.84080337480586
180.89513221992766
180.5085851187615
179.94799745074036
178.9329187042946
178.92578222166426
179.87430478423175
180.5170312956099
180.58072447399067
180.38425812952036
179.9555118395666
179.6429242882034
179.76469379963717
179.96727293746483
180.07141611458928
180.13053997989405
180.04917264006804
179.9568137600189
179.97133820566808
179.98863683412105
179.99929983240574
180.01622677697807
180.00371077753718
179.99207072731303
179.99906366193443
180.00125066661064
179.9998980812113
180.00101942447097
180.0001309288925
179.99916441065136
180.00002799667502
180.0003464167916
179.99993449114478
179.9998987801929
180.0000341001011
180.00001964249748
179.9999898195853
179.99999809637848
174.38265518548639
174.0584774894113
173.9893341388583
174.02323041438234
174.05867478493826
174.09944207613677
174.06490846322927
173.99423071546568
173.88185337647627
173.55154961595846
172.96069214870556
172.22934343007324
171.63978681105525
171.84131271920523
172.70232905417905
172.51615962204525
172.40343972820685
178.50461551285608
187.99872845151867
182.53038764496407
163.7265929941249
167.66067321792397
181.25014401371325
110.09193390915466
212.88941966267203
180.33151777619804
114.40378537989066
80.25881205104798
97.15834871151036
78.37172901386442
33.621419928117426
77.66670848334041
84.31790086866708
113.75555728379771
116.48042866311582
167.56887242050098
167.3979686579573
191.4278404550587
197.73795816516807
196.84383608637242
188.22672530279957
179.91791722037095
177.03941748206458
177.36848246760118
179.91740626344796
182.3992211141409
182.2235407056518
182.67600161059647
184.91826187234167
186.35542659635166
186.6117236801537
185.1357235453279
181.54290596032104
178.3637004982644
176.9620703996862
176.20490282139784
175.87548394028917
175.7642474142407
175.31327158287928
175.3273925702878
176.1728780408315
177.20198135866949
178.2749259682153
179.2748532236495
179.91526718289066
180.31345407950928
180.524864560781
180.40693470198093
180.0644483564809
179.78139647646208
179.69822988814195
179.79511331813717
180.02033331959387
180.175948699221
180.12562685976636
180.02726967874847
179.9620851244041
179.9268482733379
179.97383087813682
180.02332082797514
180.01499762117328
180.0063951380515
180.0006415481163
179.99130608075254
179.99800099260372
180.0041665541492
180.00040784857904
179.99931626747184
180.0001016858145
179.99950828152288
179.9999245386803
180.00040986813886
179.99998558327246
179.9998313806586
180.0000325607127
180.0000486666708
179.99998344433288
179.99999063636216
180.00000487972426
180.0000009045425
182.883351743691
182.06260035731532
180.67868785598455
178.48822268244064
176.02386941653663
175.41318931726778
177.57069023231406
181.38674394439693
186.35040239376792
192.29760784994087
195.11893936585608
197.84847450211237
200.55347289452388
206.25364248312476
215.19014557829672
221.4361434757327
228.12096864228187
239.71488305031735
241.10664518892548
243.92995753311436
243.4385982532566
248.04326824692816
245.46330365551987
249.10473024821349
227.7352112871805
256.5963005171706
250.00568446041888
257.49496863549626
255.53770926693196
255.16767625435244
251.3886773407424
249.5473921619146
258.2154692952442
253.85514746542853
250.75395950677364
255.84774574220756
255.3780849793548
256.19525461542014
249.29703564469366
242.98975692199036
237.30824991640668
227.21329089321802
223.1969757980174
223.01711413931486
216.529045411865
216.7534284532298
209.4449688700092
205.15079725592125
195.1950218016686
192.60422968638065
185.09204614405294
185.45097182303013
180.52402280234273
179.87592654837783
179.96219327606195
181.2393635194589
183.41133355402852
185.43050606248943
186.47978936050694
186.64779609792
185.98418653093324
184.8421781024076
183.6413950164806
182.12998666810986
180.43184586266088
179.2074468961126
178.72369682772657
179.01445882094848
179.91953775351263
180.63395520244305
180.65196449136755
180.3360971029591
179.90553551973625
179.61923975564525
179.77584585015296
180.00556830020466
180.08097652989906
180.11439762982812
180.03742095493837
179.95034537780646
179.9745464155007
179.9986852071718
180.0008556730633
180.01200511462343
180.0028513543523
179.99245073870094
179.99896889390078
180.00178732892397
179.9999969997687
180.00058759395463
180.00015504389023
179.9993540490191
179.9999894521052
180.00029312116726
179.9999526617515
179.99990904980916
180.00002913441867
180.00001827269222
179.9999907597114
179.99999820394942
161.06051886954347
160.0943590695321
160.7517968126515
161.7560398029207
161.9839452936925
160.7578961830351
157.22702030761707
152.0290333273655
148.25661583442422
152.69148803571622
165.8191540851872
174.9823866702202
163.2883370493025
198.41869414775252
162.7958644991255
149.54829059226262
135.23047411032977
109.82113899561965
84.74781132996806
73.06800407836701
49.19638685569137
48.18241029107538
47.54070018040816
42.04764214575554
33.439319817958136
66.0019402453466
50.21855803445476
42.88104768696827
46.104592531952434
42.36494837784118
28.293139992055828
55.08033366176527
40.120581893044765
46.29325123181673
42.324884827390676
41.3516651347265
44.77663436774489
48.10635062394324
53.57422262956093
71.8177724821979
103.42258740224183
134.80517182251288
130.66004923978628
328.47395790374003
156.28154090426244
174.56137595546446
178.3911937896246
173.65549600239265
161.53303698414467
156.43706696807914
153.59712707824121
152.41094747610617
157.48614432959215
164.38892978479672
169.65407715334513
169.68597330254227
163.5357459561703
159.6015347692079
162.4429676334354
168.31563961334933
170.60708418902806
169.6108575574259
174.8345580732293
176.05933626497256
179.43779990902698
181.6744202172469
182.11506595354672
181.4878763836775
180.09111659693397
178.9538386492661
178.95866993444966
179.48710403543757
180.12174408621158
180.57081969400195
180.38841706976316
180.04050080348154
179.87580472204795
179.79647773490186
179.92130218518523
180.06785765805517
180.04668727793657
180.01765692792816
180.00138734958293
179.97489396901574
179.99379487567768
180.01214793547223
180.00152599407213
179.99819099165896
180.000169779646
179.9983361771014
179.99980173920235
180.0013307653422
179.9999483617884
179.9994539063553
180.00010516673873
180.00015827864584
179.9999463151177
179.9999694382518
180.000015895612
180.00000295572704
202.01515125113897
201.87930842590617
201.3030397382097
200.23364363565534
199.07622967451354
199.17574901041266
201.2222751561495
204.63813286829543
208.91136975922203
213.24627271713234
216.7568574482783
219.52503742395461
222.78606186540205
229.8007953054004
236.34067494421802
243.93572374123195
248.43529817346771
249.05302217691175
245.73788759333524
242.81423235206185
247.23365112365786
246.38547342051476
238.26859161009006
222.13400120396577
220.37661469915176
245.00874491537357
232.39064619928988
218.17126190831337
227.45355291672524
232.43037306656143
217.7354638257184
222.8948995943578
228.99116217760164
233.91253674737342
234.1411647660828
238.16025205981174
245.97394806244668
250.275221903202
250.56212585581554
252.05156891786214
254.83288843893197
254.72388422130095
253.46723924121196
259.30536961703916
241.81708626259217
238.615682816613
238.43762824747657
231.62961576390796
227.07456756875544
220.409312207862
216.03689175911526
211.16534805462715
206.85713528442224
204.14944298978486
203.07074688507976
203.20378933184074
204.18538559129902
205.51510550075758
206.42505109855077
206.24397406733016
204.04711097745349
198.48915675054695
190.37544872047707
184.2352340451878
181.78397405912537
179.24202930902658
176.2071043457982
176.45888251596207
179.66004912198952
181.8860544935182
181.9827256251215
181.16947340876735
179.7572748759621
178.78323859426578
179.28311943999
179.99268606920248
180.23953854598042
180.37241701038445
180.13611708909943
179.8547748467407
179.9133514998329
179.98105014668604
180.00194813921752
180.04504316102845
180.01000841031245
179.9747937470151
179.99650523564486
180.0049299000077
180.0000489734574
180.0027179675057
180.00043958785474
179.99750440733516
180.00002201665032
180.00108641759448
179.9998122965157
179.99967020914232
180.00010764518984
180.0000654933972
179.99996659423877
179.9999935938989
183.8404057910278
183.25067480313095
183.5329811054021
184.09588866718218
184.3822138929436
183.9632944489064
182.4897976675959
180.6516194028942
179.29337175293273
179.23337412266687
181.0230615103264
183.86691778721436
186.624719873544
187.8552476900225
186.548847414262
183.67399839247986
181.36127719213417
183.5771407379519
190.49128956708932
193.5148345664677
188.7538930513438
181.01818301007552
162.39021538335487
107.90079971788299
51.92664618843695
129.44717327925883
53.753329246716206
68.16944434848781
65.17508565150231
154.66327823892314
269.49534719450264
91.26964798898877
68.68550899483384
8.990213169114565
48.207078511423525
94.21035145814297
203.0041858918597
240.98031209201804
222.37504635765416
194.02297980478238
190.5485227481494
181.97053010907084
177.06912684078327
186.37941900714705
196.91329953742874
200.25387501570856
193.99353608330205
186.8219396561771
184.2709216920775
182.94139443299142
183.80035375777126
185.80427645493518
186.16430202208383
186.3567986312295
186.6482454185908
186.44011079868514
186.35342177655622
186.29439726815525
186.07492250012248
185.75071048766563
185.15448236809243
184.19939353021434
182.92735062860655
181.55462248518876
180.3428085978495
179.51996895869024
179.2587390410802
179.47199548976218
179.94415160393208
180.33097865312828
180.3692597000977
180.19655441240644
179.9521835978043
179.78968627127804
179.8675253801291
179.99537948395226
180.04917863734815
180.07180756544844
180.02061798248872
179.96762101816972
179.9836607832491
179.9993169057426
180.00257062303947
180.0093547477679
180.00118005380622
179.9936868474917
179.99897651552627
180.00151414929954
180.00021987846503
180.0005294399125
180.00010166131958
179.99941407365583
179.9999800037118
180.00027751429522
179.99995989545306
179.99991003043442
180.00002783943262
180.00001854986135
179.99999077405178
179.9999981598034
198.69187373845898
198.44052779559428
198.01420773307953
197.25328047820904
196.325691822381
196.0844623249168
196.9744923616957
198.83272504394532
201.47153487716392
204.30653288617913
206.9215612203798
209.79355827199856
213.264670120164
217.55361793203545
222.4761980495151
226.42392448437874
229.28152623008089
233.92985579389338
240.64792546594725
245.6478591428405
248.14638279091923
251.14618952356915
254.7143129709331
256.1907907232098
256.59103273542985
260.90478949681386
261.2665396182114
228.6406289788131
249.24117799868424
250.974563767342
221.7304450163109
241.1596692240421
252.3209700791907
265.21689354830363
261.15111579082475
259.60347797319207
263.5361860988147
263.1138897650088
259.69531513634905
256.0501994549138
250.8206447399762
244.39433578800512
237.93357488463613
232.01555871038533
227.08837862021704
222.79535447713985
218.94522617649977
215.9644497136479
213.59767957929913
210.98917454849635
207.7864490266642
204.16651242122032
200.51500406511423
197.88295581215732
196.94681160613968
197.09373062650883
197.85339101568653
198.7814699235439
199.17472631619327
198.95463751285573
197.7177752546035
194.36524932152196
189.19307895852288
184.5343690039395
181.4274179193679
178.65951786878503
176.57808778856992
177.15638593670093
179.94712036347167
181.8097746863583
181.54285034763492
180.69628238141888
179.7973658084526
179.1269769948251
179.43561108256182
179.98548824868647
180.19736936096805
180.28655140772037
180.09871279424758
179.88492583147828
179.9339793455936
179.98867250804233
180.00250260243305
180.03387841016212
180.0073399249085
179.980247677808
179.99717834893576
180.00409384455904
180.0001166502024
180.00199151044094
180.00035070073406
179.9980924911016
180.00000096458348
180.00084360358142
179.99985852488564
179.99974096190266
180.0000837531448
180.0000517856867
179.9999737071879
179.999994921436
176.2543830844888
177.16073217488776
178.63023037965544
179.44028900144198
179.18704972064464
179.64096980120252
180.84634119067462
180.08069408919997
177.13055387081164
175.04410133929184
174.49266625055785
173.43630444964785
178.84397298827392
169.08437383989343
162.82366022585848
171.14117504147174
169.26044446711558
172.66876568055525
168.75873452693583
178.48428630749677
166.2061822811799
167.3369861041359
168.46415700123993
168.62945458134757
167.32603558653358
170.94387266381983
177.38247359960053
173.683150731967
160.39255786114072
159.14309602330837
170.611975467193
162.79379039417068
163.24099532654495
168.7609364617012
166.54104568895693
170.52571635341064
170.856073318465
172.29717542787654
173.4885471223655
171.69011495281427
167.72257840374058
167.52558805070294
161.20068034914314
162.27401147490124
166.2710105546747
172.29559172434594
177.05336657040155
177.61392690942992
174.50685118367156
178.01213159965172
187.13313770525673
179.09753760095447
185.70712580623965
182.19378519855792
183.5216597373626
184.05844130461125
184.4684307992721
184.54555700766923
183.69166548086648
182.63211835241123
181.7995779775944
181.0270110521163
180.50466972101856
180.2389647218995
180.06765571889505
179.97338237960497
179.90398974017646
179.8883538082477
179.95481298321232
180.02827091204122
180.07814300986675
180.07683449007587
180.00962404259198
179.95455136892653
179.95494271558368
179.97707950877765
180.0099550612084
180.02986651148035
180.01188318765455
179.9938237644032
179.99391814945002
179.99482996336536
179.99961327883653
180.00449487255239
180.00086103680002
179.9982457137297
179.99981573416596
180.00010878992052
179.99997783390646
180.00033864708607
180.0000167655773
179.9997674553386
180.0000153871975
180.00009085505394
179.99998120923033
179.99997441175697
180.00000889919053
180.00000485876572
179.99999744048304
179.9999995336378
175.53357559547678
175.29178651410496
174.07275796030157
172.25631140798933
170.3602511712532
169.10084534885286
169.07521477964016
170.14495670048242
171.33742649218715
170.2365437486513
166.70195173304765
165.54101350350845
165.93699975305907
157.28290316004905
151.83197458958372
162.04692155067656
162.2544980067202
159.3339896559513
159.04578616244527
169.7045816330713
151.2607307225175
152.3783026177027
155.71439970126337
158.34489713898395
157.88329819546877
159.08632733420677
161.50107340150876
163.14827446524203
164.20705420893117
166.51493946434567
162.5055453713904
165.09516869158014
167.77948788019452
167.90582943793046
162.43507027447
157.50747976331706
154.7273264977264
152.47179823518601
151.70818553646305
152.86575039710428
155.17294075670077
156.22835603404138
155.87312426754335
156.7674868489967
159.96756480781903
163.57983589798337
166.47884260342866
166.83801442173845
164.34146516143412
163.82566182297955
167.32658296806682
165.31697443396456
172.96293874942893
174.1076742846923
173.9540408882762
173.86344323522724
175.09886333524264
175.87997182683924
176.40126534510992
177.30039258569445
178.16161282008028
178.78138244540148
179.20630892297117
179.56309315710973
179.91382067623013
180.13461715361666
180.20478427134975
180.16287735981464
180.02425273563327
179.90636355513848
179.89014962718014
179.93257924742872
180.00575374058968
180.06072020120902
180.04668376199035
180.01167065810503
179.98724456388564
179.97358375727595
179.98889884682282
180.00682527344367
180.0061676284642
180.00391291421354
180.00021359871843
179.99605903071972
179.99911484797678
180.00163707723976
180.00028273557095
179.99992744943893
179.99997517399532
179.9996310835893
179.9999900008229
180.00025185913674
179.99998455119126
179.99990000327432
180.00001995373472
180.00002876375686
179.99999016527454
179.99999445763342
180.00000289147073
180.00000053505735
