204.7050175155296
203.68889624288317
204.33818647725656
203.32213300242972
201.66909468537565
204.57833172549726
207.92116554839154
193.3208796315829
203.26513400045286
200.76903845935675
204.0776644597662
207.54900334358157
209.6012409078005
207.46634817253963
201.53659209131075
198.79747422590728
201.91125718582572
205.0270895049279
206.31654346175762
207.46029700573132
218.47434841534277
228.53731144047708
222.17575078034486
198.89041775445085
196.01202149750824
211.50219685255757
202.12176708544177
183.83232539558767
198.11334133240547
205.30276621830853
196.53509778210997
199.7339376600175
200.93771619347623
201.03974007450614
199.73256833497484
198.0082285909274
196.1060001379447
195.41691145932356
197.04907138105352
200.5353919886338
204.97087560656914
208.33338546638535
208.44191192618618
204.33029724051357
203.88207210637188
203.3108382864959
206.81358630424532
211.63695122491902
215.51971872531718
216.34272983338823
213.697417615529
213.10300505592178
216.00819989053159
215.3340937916111
210.29884810195514
208.10424147167097
209.62663794008088
209.65853564005005
207.67527090948954
206.43279155572586
204.78877992722943
199.03995598221732
189.87649456577634
183.4441843968919
181.5806635308093
179.5059341024091
176.66541465354933
176.83972322135992
179.57343440088846
181.53642449773105
181.86769210887508
181.22692709974237
179.78330094258246
178.82445324650334
179.32390152521356
179.98473388811763
180.21763261874167
180.35774805415608
180.1368686080899
179.86703243277535
179.91502757643028
179.97563946140394
180.00184568022382
180.04611517949044
180.0097981725602
179.9752229408592
179.99655592166587
180.00446864835598
180.0000910743491
180.00294449797104
180.00040012241277
179.99742368964468
180.00004099325972
180.001108598385
179.99980506481683
179.99966538099198
180.00010976379946
180.0000662565737
179.99996612809397
179.99999352766076
179.27607600976586
178.92592156240585
178.6462568044687
178.01326726569715
176.9329770858304
175.8963294235026
174.51305418431915
171.17707366806746
170.06232861129155
169.43792255780377
170.88897879018887
171.30942079670203
170.8330346768623
174.4618213666381
179.18464058444138
169.10719391499453
177.64175817022794
177.3007931582995
181.8166109218896
183.06847178503824
180.7202239398899
180.94830080222692
185.61992435843763
190.7143310815071
193.1822300827635
187.41990703802617
196.1634851789476
196.52354429178163
191.57972288553768
189.49249998992417
189.008409597503
187.13306102876908
184.2372744387928
183.00025310013513
183.70350291593667
185.29102766473702
187.28041605971083
188.4382032995122
187.6612769756039
185.44711579947477
182.03195124841994
177.30216101010154
173.0358699389118
173.0920628442463
175.98549228720225
170.6234498366756
163.2868510329564
159.95396256008576
165.56185369957126
165.85641249450703
162.378510592706
160.5479746541787
163.20767150042477
165.2685800821598
165.54080247681685
166.47378902533947
166.79368392322067
167.2466868548495
168.41703341663828
169.44992090427863
170.3371234603955
172.151029776563
174.89078677864347
177.4604065156183
179.4186338926283
180.92842916614353
181.67320823517102
181.256785755523
180.03694184644272
179.17025981878533
179.22906200343445
179.6342273941601
180.09443611818483
180.4268182331551
180.28739873738684
180.02219634758538
179.903022559426
179.84987487600154
179.94637565883244
180.0557618573549
180.03484475886654
180.0094917156958
179.9988097013207
179.98087449383894
179.9960710079773
180.0104728332937
180.00151662124804
179.99807970898308
179.99990977282738
179.9987591698136
179.99983484015277
180.00109586312988
179.999986373067
179.99952474992492
180.00008218122457
180.0001445073115
179.99995287885153
179.9999712574923
180.000014649804
180.00000281255834
192.30368856100665
192.558287084397
188.19545834950893
188.50986525156338
194.6673682198255
195.12766499273633
195.537735001709
226.33435193013398
201.46772040728686
206.56903402952688
208.07784209145566
204.824144496743
197.02154073100496
196.72493618349492
204.4265547237103
208.31430312446415
205.99440861614505
205.70943627650945
210.61760981816016
222.9415035630113
232.71162777394986
199.91286951277922
212.82193261109649
205.11485899320024
216.85323364146723
220.67500855445562
213.17474948079143
211.27720897624997
217.35204630571405
219.45064146629798
216.9985295676735
215.52119641741334
214.76820777893602
214.35934872534503
215.68937686779245
218.08178749625597
219.97023273398955
219.27656390838249
215.13005049715187
210.25742838781431
205.58951536062338
198.68522266327096
200.24883686780424
203.97673172152142
211.42663030658903
213.951210423345
208.92158963596953
204.65590950326836
203.99632501441056
202.2835772240695
200.32523617779628
201.03996427470992
203.2756746573016
204.18984483540453
203.03864173963518
201.5950529201299
200.37934570906944
198.79129622541342
197.11953495669306
195.1231198800354
192.4111035256302
189.34393502812227
186.12880473725707
182.99227474858893
180.40609474081805
178.7575790356463
178.25969595332168
178.77444158399467
179.87238416702593
180.76637324268376
180.9007375807831
180.52580408210545
179.92039921698694
179.49824036828113
179.64056937748302
179.93432489498196
180.11086526683582
180.2012129839095
180.07484765334152
179.9355871688317
179.95534720582555
179.9806967167547
179.9996817027058
180.02638635257185
180.0056399416018
179.98717967800124
179.99827995079715
180.0018422892865
179.99999399804628
180.00183876322606
180.00018123863816
179.99853819384074
180.00005016654103
180.00060790849116
179.99988664417052
179.9998207162561
180.0000599690634
180.00003502316787
179.99998192206013
179.9999965976841
191.05129690971987
190.10561787556514
188.8478357988179
188.47949815342474
187.9891872166478
182.79064648359102
187.8931195152037
180.8045188441066
187.28978638645205
187.2804898989117
188.43923501659705
189.95354844449525
189.49495393038512
190.20524425276997
190.48741098612996
186.73482792425486
193.7790328983624
193.03195365186323
192.27575701895205
184.10495152440726
177.08145115005112
195.86675541390917
191.28477039467072
193.66817925444042
188.81535551251002
185.87663188246202
192.59736281633062
196.98837015170716
196.86643842081355
193.14642347557387
197.1680990992124
195.59284009274558
194.47773682613789
194.16759340587222
194.67395059554443
194.99778918930443
195.0423433256576
195.62347913005428
196.1708463829091
194.44966026217818
183.9904723086679
203.32969127188912
195.55522770066443
197.22887670142302
188.61975065764955
183.88905861945412
187.27613207589908
190.27755310740136
191.3034274920702
192.6217664887335
192.65714549831992
191.5206160130777
190.60675291540895
190.07518521169746
189.54112077426853
189.37802983670005
189.02302571339075
188.93053612812142
189.09800950246486
189.22378470579267
188.892945409594
187.0738695000975
183.83073803562903
181.46419160776227
180.75293982496328
179.76428672394687
178.3846308627884
178.50074841703423
179.973212903643
180.87909096686096
180.72425735414853
180.3450135004966
179.91215044230523
179.5778735263453
179.72814471894438
179.99055104788067
180.09102336578096
180.13753355031065
180.05094193461326
179.9482898385343
179.967792162593
179.99180792667386
180.00031287655978
180.0166830024607
180.0038531399615
179.990971054117
179.998780313323
180.00168226244256
179.99997567357227
180.00102320425086
180.00015728840904
179.99908989227706
180.00001457410843
180.00039057315524
179.99993062311162
179.99988278737126
180.0000386205367
180.00002311850224
179.99998815270013
179.9999977447732
174.14714578122047
173.1021820248951
174.79803165455908
174.06431101381233
170.6503194012439
171.94862013962617
173.8692704885917
155.4317033145789
163.50329619135624
161.58206573134453
170.0513752227318
179.78224218232873
187.18279787437606
188.59415645512004
179.31919529253668
156.93213830439714
136.99392730118663
137.64549324188357
147.8381501102189
80.13809222334315
22.634114702154765
29.285659048811823
174.22197820563488
164.4359444987586
26.913743551054996
16.90838805047931
62.690794113867085
95.06728570985067
42.59301868815981
40.40123034131766
75.23822495939767
64.67236227322901
43.30686693217154
47.50692893812864
42.89577701128409
52.74984439962019
57.21186351090205
63.61118973895666
84.10807893781136
166.66904382990012
160.83140943021326
191.25193632444973
184.71245355290066
143.3013822989908
168.71662648375883
167.97678236291782
176.63993544345976
183.0074882407744
180.54905230526367
176.0112181870628
174.4082436842147
174.80380716761158
182.4631502692146
183.3328118204521
175.99326920080782
172.62718107008664
175.98243883727608
176.6893834248478
174.32497947233966
174.27699573386644
176.09262919075638
177.2482566712112
177.9516079920375
178.89089762524532
179.7408620675192
180.26796012426942
180.54585467052954
180.46997134463695
180.07665709471792
179.74948626675925
179.6935211721498
179.80810340026454
180.02879352121548
180.18212327532152
180.1185378788611
180.01270474993333
179.95957537040343
179.93313450371122
179.97927287943904
180.02684320511614
180.01424413000024
180.00240092137207
179.99890039206775
179.99184455699137
179.99862504562734
180.00493854083206
180.00068884067386
179.998905276825
179.99992730449085
179.9995563826667
179.9999147174172
180.00045517138548
180.00000675881023
179.99979260082404
180.00003269451912
180.00006519471808
179.999979319865
179.99998678929134
180.00000664640393
180.00000130223125
187.01623267507046
186.47835327777216
187.66719004068392
187.28382257262976
185.0790248593217
186.3679043115549
189.06327906832112
180.0798885264903
190.5801800108245
191.5174759361933
195.5667107939937
201.13938915710617
208.95808498616108
214.96018561467343
218.76771392280563
227.4488838833745
235.83312188134
248.7768894005028
259.6075230961312
256.77634324059875
235.5920404446377
208.3249675786624
230.98325896974407
238.61419885063012
242.4809970085744
239.06603599192056
251.12052523812298
253.1118116843903
244.18033936299761
244.27108780835474
249.21059170076208
252.0992499653359
250.86663925897878
250.4988227510747
250.89171898371438
250.61988829150792
250.85901152772604
252.09553885254897
254.04046804406485
256.2941959980045
258.4267185585933
260.274454932386
259.69224774775233
256.7750224698698
249.95767544214175
238.38044690171427
224.51015052107263
216.86433257010881
216.91428657955714
212.3577120534508
193.5580014462824
180.9091564445906
175.68627292300022
172.03878941716897
170.6390200901669
172.26091506175055
174.30498243009487
176.61638153305012
178.71557810194284
178.8626950367246
177.36505420668257
176.7895548025543
178.09127155544073
179.4389930680594
180.19948114636662
180.66580915936376
180.41688613819193
179.98329183304358
179.9107197100649
179.8702353148602
179.88183733193745
179.9873334394264
180.01600879092098
180.0297354524153
180.0507132367413
180.02449764934343
179.98477004969234
179.97087960747092
179.98783685957616
180.00534409769355
180.00755815295307
180.0061776189772
179.9995316204771
179.99435074559526
179.99930734513063
180.00250431281344
180.000275407736
179.9996874391893
179.99997991924045
179.99962236658143
179.9999727346917
180.00029108548688
179.999989836791
179.99987858275776
180.00002228580445
180.00003616870208
179.9999879947449
179.99999288477983
180.00000365684414
180.00000069293762
168.63459042422136
169.15541317188467
166.6157672174134
162.58597998513866
159.06979354582847
158.06043221450707
160.26095671721652
161.67640393209575
160.99213794450313
162.49612823437192
160.85909393833947
136.60323814780128
99.47034863031969
109.0637821912502
144.8918022356013
46.19936203122408
116.00175014955877
79.4117481455023
68.03290041247952
53.02849299711221
47.27458320223375
61.30832618017407
88.7157086120197
85.54181662388801
44.203451491755516
27.760406711819776
50.76684546881428
57.449375097706735
40.00815255516454
33.32247972834354
37.15692279814174
36.65333921393345
35.06843546444308
36.401178884540464
38.304552606253765
39.94049497824979
41.497133627493874
42.416861494284376
42.459386905395384
42.01179439760936
41.97307127292791
44.111955537100464
50.01584443160023
60.31816128808045
76.02245054258283
98.34732613816809
125.8689377486657
153.36522134174626
172.38763062537444
169.61095505882068
147.71724981928895
141.45856808071585
159.74104947964068
162.53024353759284
144.08200037404845
143.6577969715307
164.09908649649185
174.24225161899483
170.1695384659394
167.5792169643815
167.27830207715772
167.10052883504312
170.78513359562064
176.11594520406712
180.0261260545074
182.48572430028733
182.5328130455153
181.14941908871387
179.85984360386215
178.91548131861342
178.94212953608164
179.5909598630837
180.18034141372644
180.53623344736602
180.3592700279808
180.01454022301894
179.86945687418543
179.81849125074774
179.9363763238821
180.0710352554573
180.04400708889784
180.00941913957232
179.99742412477042
179.9766167366838
179.99530341081856
180.0134132627744
180.00213663198025
179.99744976458967
179.9997622356356
179.99841690081624
179.9997951274742
180.00142498032878
179.9999912496716
179.9993734289234
180.00010521747112
180.00019288403823
179.99993772914218
179.9999613498871
180.00001960239425
180.00000379269025
203.81249997655397
203.71926252422142
208.5830778482054
208.38269870110724
203.1231653637143
205.98923947100755
210.62727538693437
181.96794543200122
216.12079168879166
216.0736651697861
217.94643656156524
219.66590176848845
225.95681754937715
242.73652396115352
236.7249352034974
242.96912630028746
246.8947877866039
249.2188405388663
249.39116097969094
247.61536917524046
241.47108842365913
226.59282843668882
256.22371172565886
249.5990076559067
224.6172473457732
214.1805641313758
225.91513521813323
229.67887733207118
222.1711968523502
220.03301740676343
222.00665690548524
221.0959967768175
219.30999848780922
219.2470504200135
220.42268211984214
222.13313923892085
224.54175268231367
228.01126914041077
232.37960445080108
237.30462139858065
242.18502101902092
245.6897646327939
247.3356968121047
248.44625872643155
249.45510982135193
249.35565023546212
248.15323039972415
246.4702204860056
243.6796925265111
237.9976613794034
229.00538628926756
218.48346292860117
208.20082426970953
200.37139086155722
196.77727773210128
196.50304638995283
198.0912944607523
199.4448612376605
198.6790332156986
196.71895709884097
194.19577062108695
191.15465611468244
188.24306152885507
184.81583131465285
180.86584552764546
178.09927069856084
177.21831672649452
177.94452564151442
179.87156896352877
181.38352300584785
181.37308379516114
180.67680536823843
179.8118866156491
179.22234783466547
179.5156624846271
179.98920040997615
180.16550281168423
180.2468311043387
180.09003538158535
179.90500550355262
179.9425643390298
179.98713970743088
180.00054384384293
180.02916706660938
180.00702927719541
179.98402075808627
179.99765901873917
180.00291150880022
180.00002720407088
180.00191000306893
180.0002684519592
179.99832725452265
180.0000288662977
180.00071729749905
179.99987273647525
179.99978442586146
180.0000709582793
180.000042567238
179.99997819955283
179.99999584605274
185.12220898206184
184.84494996640905
184.56270166722504
183.99399655300047
183.0702932948745
182.1877429200729
181.7886560766834
182.70439866973052
184.6914388200948
185.21743817240997
185.8182616390263
195.35848610931663
212.53020102292564
218.41184546789918
217.84572939667666
255.35833040802052
219.33293773681325
209.2922784868253
187.87172204183793
185.49237378665254
184.1240054590686
95.60067037000168
134.67309789871308
169.29352492488505
233.83187453910625
74.56663244258904
100.68847276357226
25.711560393837715
25.75291515805263
21.227591290641087
-2.4907233576249004
-4.177418413853182
12.483160921427402
23.634613131956623
25.1271328881984
15.48835302066708
-4.090273002308464
-11.577356930223871
9.342139488148742
55.66352536595399
134.20237189136222
257.56547224003134
287.03621763488445
100.77236276176899
222.3614170371718
163.46658023563418
166.7681955015056
181.05742668560157
197.20086321184905
204.39603988926748
197.86789763339095
188.17619734802216
182.72802845509062
179.52303669753022
181.05924962051247
184.35171936156686
185.19985032087735
185.50748579471755
185.04076701615088
183.66563981158285
182.7585963438971
181.98631991140851
181.28679130273704
180.77749410217854
180.18298937656394
179.70986660852992
179.49359782350592
179.5672224792346
179.94099413860934
180.25159023394
180.2826264593361
180.17002649964698
179.97404364013482
179.8344333551419
179.8906022654233
179.98583375584394
180.0325377458423
180.05890059044458
180.0238343021085
179.98190279908823
179.98695874669087
179.9940279633123
179.99889116633705
180.00696484015216
180.0019789745949
179.99699582875058
179.99966736125415
180.00032503945684
179.999894724046
180.00048389950962
180.00004903867048
179.99964755367031
180.00002267770518
180.00013684785188
179.99997085413716
179.9999623272113
180.00001333694044
180.0000070285221
179.9999962562462
179.99999932988882
200.7731091507198
200.46191910421692
201.37727054627027
202.5116497970278
203.37935072892594
203.8077000244907
203.59564004153063
203.6617940159328
204.62676379413855
206.10848591466595
209.02640777326403
215.8895294367898
224.89373036455683
227.10805056924875
225.83563643514333
246.18561243193082
235.98134694368758
240.32691193886015
238.23614484343676
240.62886386498195
247.75690330655456
252.41240771878313
246.91528710712876
250.90940876285725
257.19436434913473
235.55905501579423
248.57662977616167
251.86300531358125
247.1427698642708
228.5914317172166
248.24287230054514
238.37781425368107
225.08352388544435
234.97871106988077
239.58512391106683
244.73166281550039
242.38681797984668
244.5019356387475
254.8569912570297
261.3953313094008
262.84874067584474
264.3591147744682
265.37081504972036
264.16274115716004
260.82990083733745
253.35076348904875
242.78776590107358
237.33112229063053
234.78588615165611
214.60997842253198
218.66502183089477
207.35090437027324
199.03329196140118
193.74794903407096
193.31232926701674
193.3265050369829
192.63945450756307
193.08754984882395
193.8719265384603
193.4452156468531
191.68221351024633
188.6821332500653
184.91927870366817
182.06890496005465
180.84284448564816
179.6544965173813
178.23462557219793
178.3036469063117
179.7727093924492
180.8539441711104
180.99604290223158
180.6325704289351
179.87415907984447
179.3715700533183
179.64996866065684
180.006383101071
180.11563007001604
180.1809451312418
180.06840893443632
179.92937733944325
179.95740189562915
179.99057008492582
180.00037623694462
180.02163923920344
180.0051954264268
179.98813489969095
179.99826856316142
180.00216645141393
180.00002088200313
180.00141281048465
180.00019928352134
179.99876087397223
180.0000209852165
180.00053168127067
179.99990577982868
179.9998401328837
180.00005260069716
180.00003157645244
179.99998383161693
179.99999691824158
180.99310986932826
181.23211179026592
180.90146705899028
180.27249182366933
179.70569890039386
179.64546749740165
180.14852130105632
180.09928311688915
179.12028230282752
178.2983903133725
177.4105933871979
174.58175475684035
180.51010596078262
178.66201724185552
173.30287417201004
173.42153696890574
169.03192115389984
169.48452722070178
169.93469394913268
169.64129739899747
167.22961520047352
165.30329974081323
163.6770061908683
158.22279516601333
164.35211766514934
182.50959969571417
166.0068927598418
165.7671122430732
164.91400907895834
169.356749481882
165.57070765116595
165.34416873744723
167.44221505654153
167.0762292597967
166.72519637258958
166.5124015002065
166.69669016123999
166.82366722062264
167.1302029852392
168.41203343411007
169.78605655751025
167.878515732168
169.05131041700798
166.26603913620798
163.51252564865717
164.4350407223894
168.41024231477448
165.40246453400536
175.87708829906396
182.67011215597662
191.91574645131948
193.58662517471492
183.80557801297488
184.1394210050035
186.25699778097973
187.94403558901288
183.05318765011032
180.6441955243392
180.87244079429757
180.82213107782752
181.09270945072583
181.5839317383987
181.30290715408682
180.60354150849338
179.86566607542147
179.40926986920275
179.57936436612732
179.90496868669615
180.08027210327592
180.19618871965278
180.13259380289492
180.00346873589103
179.97015334077236
179.9517861890096
179.95798987706328
179.99646829090034
180.0134920292916
180.01714472472028
180.01019231529895
179.99722562899203
179.99449490713488
179.99591828938745
179.99936609980992
180.0028317508885
180.00090169507453
179.99915771288084
179.9998843438595
179.9999045252085
179.99995286474257
180.00027493252736
180.00000453460805
179.9998397897428
180.0000185954733
180.00005593644264
179.99998599337601
179.99998593646527
180.00000538327689
180.00000245912886
179.9999986263654
179.99999977251974
178.7719851811579
178.4257105116134
177.6002151962806
176.40808673141055
174.89276828509404
172.8938496992874
170.43754462143326
167.790046253054
165.13093025137692
162.5853045320647
160.54531849320574
159.6956042390141
159.7802446523094
158.88657882524467
157.5121573962591
160.52214855639406
157.6023292342294
158.03784056933532
156.95820127943725
153.75904406176113
150.44557839744138
155.94930083461944
166.4230644811913
154.2232773365273
156.35263119679183
151.11873084989125
158.2750732813284
164.01270006921146
163.05923814019397
164.06168869813064
164.70593834522427
163.1034181621102
160.6913554233537
159.59024738596685
160.36711494533625
162.06056794790817
163.92203862348714
165.09371366754823
164.70211574559275
163.41942231165658
161.84776781215993
160.17459550062313
158.83635886161755
157.46974956821032
155.82917462050705
154.30722497764467
153.7216342983692
156.2141956347977
161.0208946994995
161.55679022356534
157.00398551467913
156.86343280058452
163.76290304256756
170.62854136142704
167.84581519507378
168.6236207936107
170.01090669221801
170.46391685517506
170.7439444262846
170.88661049837856
170.64834282445761
171.77093250361676
174.66416562164162
177.38434282667174
179.2316290651531
180.88939217618778
181.93236473289605
181.492121671671
179.97633219325965
178.98127703225666
179.17736649070252
179.67711918634987
180.12596543260742
180.45500438710283
180.2867550816213
179.9922200422669
179.89518930077972
179.86031183301074
179.9523766585094
180.05988407304892
180.03378153865933
180.00357174235862
179.99766855075185
179.98309934394095
179.9965468618877
180.01045058656345
180.00163813119636
179.99772933847703
179.9998277364174
179.99897662043006
179.99981988886708
180.0010154505118
180.0000092513075
179.99954182629577
180.00007362510704
180.0001430894583
179.99995436538944
179.9999711080528
180.0000145719489
180.00000284403183
