198.83
199.53
200.35
199.88
199.18
200.38
200.96
200.65
201.34
202.47
204.69
202.66
204.62
204.13
208.78
209.78
209.32
213.73
213.68
214.93
221.53
218.29
218.8
233.37
244.36
243.14
240.34
237.55
241.07
250.16
242.83
249.03
248.42
244.2
239.75
240.65
243.37
232.12
229.41
231.78
228.52
227.95
223.09
220.26
209.08
213.76
215.76
211.51
206.82
212.18
206.93
207.6
208.59
209.2
207.85
209.98
209.45
208.47
210.85
214.38
220.43
222.9
219.86
222.21
232.76
221.66
233.32
233.18
230.91
215.89
220.26
234.5
241.44
246.84
239.51
243.4
233.63
230.58
235.58
228.09
223.86
215.82
217.71
211.12
211.03
210.24
205.62
196.64
198.75
201.46
200.55
201.23
198.87
200.03
198.32
197.26
199.13
180
180
180

