188.97
192.6
200.85
199.27
193.15
196.91
195.78
191.4
190.4
193.7
193.23
195.22
185.69
188.46
187.16
187.88
186.02
187.9
170.38
174.57
188.08
172.87
178.63
173.76
168.57
148.38
160.07
155.06
138.18
168.67
111.58
118.4
98.17
75.18
46.79
38.73
85.72
57.91
34.18
57.14
50.52
45.53
39.55
33.01
38.41
38.52
22.29
34.29
34.32
32.03
38.56
32.28
38.79
42.93
46.04
62.06
86.55
77.15
70.44
133.15
158.6
172.64
157.54
154.08
155.74
197.99
176.04
162.71
185.09
197.94
189.5
180.11
185.85
182.7
186.32
195.86
187.88
182.04
187.77
180
180
180
180
180
180
180
180
180
180
180
180
180
180
180
180
180
180
180
180
180

