183.14
182.94
180.08
182.41
183.63
179.73
178.75
181.05
181.06
181.03
181.46
180.88
180.55
180.18
180.24
181.86
183.06
179.94
184.1
181.04
182.84
186.29
181.45
196.52
188.76
190.57
191.57
190.27
195.7
201.9
208.7
206.68
210.18
208.17
214.47
213.82
220.69
215.36
217.86
215.3
217.52
220.71
219.53
216.58
218.4
219.71
219.87
220.39
220.58
220.45
220.69
219.75
219.45
217.99
220.37
220.51
218.29
206.87
212.6
226.26
215
211.86
206.19
199.78
201.16
201.72
189.18
183.34
191.53
197.42
188.95
187.43
184.73
185.04
187.57
182.08
178.29
181.26
183.52
180.37
180.11
182.41
182.15
181.88
180.73
181.44
181.3
181.82
180
180
180
180
180
180
180
180
180
180
180
180

