187.78
186.85
188.93
187.63
189.15
186.5
187.59
195.21
198.69
202.11
207.24
211.4
217.45
215.66
224.79
225.03
228.05
253.02
247.36
263.05
255.28
262.02
251.95
256.66
244.95
265.27
255.14
241.04
249.35
247
232.41
245.29
232.97
236.67
236.7
234.78
230.16
234.3
233.84
234.44
230.94
229.87
237.6
233.64
235.36
237.92
246.42
255.14
259.28
256.84
246.37
254.42
256.88
250.94
257.66
240.99
224.74
260.77
233.71
228.96
217.76
221.96
214.78
206.68
197.16
186.56
193.73
188.26
181.43
179.26
180.68
180.9
176.2
178.52
180
180
180
180
180
180
180
180
180
180
180
180
180
180
180
180
180
180
180
180
180
180
180
180
180
180

