214.39
216.85
206
206.38
217.45
206.85
205.77
206.5
208.87
207.86
207.3
203.96
203.48
206.51
209.61
202.92
199.7
209.41
194.92
205
202.99
225.27
203.9
201.23
211.11
212.28
202.32
201.37
204.56
204.11
203.1
201.57
214.43
218.31
207.51
200.77
194.74
213.84
217.28
222.41
219.64
210.37
217.61
215.28
206.45
213.12
213.06
218.69
211.03
208.42
210.41
215.39
214.31
216.09
214.52
215.01
216.62
214.14
206.85
180
180
180
180
180
180
180
180
180
180
180
180
180
180
180
180
180
180
180
180
180
180
180
180
180
180
180
180
180
180
180
180
180
180
180
180
180
180
180
180
180