188.51
183.77
180.46
186.08
176.49
178.42
183.28
198.42
199.12
200.23
192.26
203.16
207.43
204.8
197.71
104.05
275.01
210.42
159.25
353.87
7.88
6.73
307.69
342.51
8.68
321.32
349.55
345.58
355.12
331.34
324.55
306.34
266.07
216.15
244.32
261.82
211.15
202.87
197.19
198.33
205.62
188.89
195.6
187
183.03
182.91
180.87
192.39
187.55
188.66
191.19
189.7
188.48
189.63
191.56
180
180
180
180
180
180
180
180
180
180
180
180
180
180
180
180
180
180
180
180
180
180
180
180
180
180
180
180
180
180
180
180
180
180
180
180
180
180
180
180
180
180
180
180
180