175.86
167.02
173.1
175.85
172.1
168.16
160.53
164.17
160.81
175
170.66
169.03
160.93
170.38
169.61
156.05
144.39
159.8
171.1
162.88
161.42
168.41
165.59
160.52
161.05
173.14
163.93
161.34
159.84
162.39
162.09
158.6
191.42
169.33
169.18
163.38
154.16
179.69
163.69
164.16
166.96
170.18
179.02
169.68
174.76
158.6
193.11
184.69
162.48
173.43
174.52
178.57
187.18
174.55
176.41
180
180
180
180
180
180
180
180
180
180
180
180
180
180
180
180
180
180
180
180
180
180
180
180
180
180
180
180
180
180
180
180
180
180
180
180
180
180
180
180
180
180
180
180
180