184.35
184.25
184.13
185.28
186.01
187.07
187.57
187.08
188.37
188.43
187.3
178.71
183.33
182.14
185.46
182.76
181.18
184.82
179.49
174.9
179.62
179.32
173.92
185.32
180.03
174.68
187.17
179.15
173
175.47
172.97
172.32
180.83
176.87
175.72
176.86
178.56
178.15
178.1
180.12
179.96
183.3
169.84
178.13
175.62
170.26
175.99
177.38
180.43
186.62
179.49
183.42
181.27
190.93
188.18
184.13
187.13
185.68
183.27
187.6
185.47
185.4
183.11
185.33
184.21
182.75
183.86
182.6
183.07
186.7
186.38
181.88
185.37
185.11
182.29
184.53
183.58
183.62
185.63
185.91
186.69
187.44
186
185.86
183.07
181.65
180.2
179.99
184.01
187.93
181.74
174
176.15
179.67
181.47
182.62
182.74
183.12
183.05
187.3