172.1
171.36
172.44
170.08
170.76
169.86
170.88
172
170.36
167.03
159.4
158.81
164.48
166.59
169.08
162.37
162.67
164.11
161.73
164.19
159.98
165.94
168.73
167.73
168.31
165.9
153.72
159.34
161.66
156.62
152.28
159.2
165.13
161.55
160.12
167.76
162.99
163.25
164.02
165.65
163.78
161.95
159.4
159.03
154.42
152.61
154.85
153.3
154.36
151.03
153.22
172.46
161.27
161.9
161.12
165.5
163.7
162.97
164.53
166.99
166.14
164.32
180
180
180
180
180
180
180
180
180
180
180
180
180
180
180
180
180
180
180
180
180
180
180
180
180
180
180
180
180
180
180
180
180
180
180
180
180
180