177.14
177.3
177.22
178
177.85
177.79
178.04
177.77
177.89
177.77
177.6
177.82
177.34
178.18
178.3
178.13
178.16
177.57
177.72
177.02
174.95
175.65
176.11
178.17
176.31
178.02
178.8
176.3
174.57
180.84
178.69
175
173.87
172.82
174.74
173.04
171.48
161.62
174.23
156.18
160.96
158.54
153.58
165.49
160.57
153.3
162.11
165.39
164.19
165.84
172.41
170.95
172.8
169.63
171.29
169.73
166.42
170.93
166.59
167.28
173.7
172.19
169.23
168.9
168.52
170.79
168.02
163.37
167.94
166.47
165.64
159.68
158
164.29
157.54
164.13
172.45
175.19
177.33
177.64
171.88
173.17
174.89
176.43
175.5
174.48
175.76
176.13
176.68
175.99
179.13
180
180
180
180
180
180
180
180
180