175.91
174.11
175.18
174.76
170.93
159.43
134.7
183.94
155.54
161.51
158.8
154.51
187.73
170.71
177.86
110.65
130.28
73.94
133.05
91.07
75.06
85.46
84.64
66.25
70.51
60.26
76.92
49.67
57.84
58.88
58.36
56.81
58.28
69.24
75.54
51.91
51.03
78.43
123.81
185.07
134.01
139
150.68
170.86
168.67
205.41
176.79
153.15
161.91
157.78
163.84
175.15
157.62
173.65
172.5
180
180
180
180
180
180
180
180
180
180
180
180
180
180
180
180
180
180
180
180
180
180
180
180
180
180
180
180
180
180
180
180
180
180
180
180
180
180
180
180
180
180
180
180
180