186.75
188.53
190.03
191.82
193.74
189.58
190.2
190
190.41
189.98
188.93
186.84
187.45
187.8
193.12
196.71
195
195.67
190.58
205.18
192.84
203.82
194.5
202.81
205.5
207.39
199.09
205.43
204.98
199.82
204.39
200.58
204.08
200.08
199.47
198.19
198.89
199.7
200.11
201.61
201.23
201.28
201.09
200.54
201.28
200.36
203.33
206.55
195.2
193.04
204.51
203.4
204.72
198.43
195.45
200.1
198.25
195.32
191.35
193.3
192.25
192.28
193.42
192.23
191.03
190.32
191.78
192.29
190.46
190.13
191.11
190.62
180
180
180
180
180
180
180
180
180
180
180
180
180
180
180
180
180
180
180
180
180
180
180
180
180
180
180
180