199.6
199.69
198.08
197.8
197.31
197.31
196.43
196.09
195.64
195.25
196.11
196
197.06
197.02
196.6
198.03
200.45
199.6
202.53
203.9
204.11
207.08
216.13
214.91
216.32
218.14
223.8
226.71
247.8
241.9
241.46
245.14
253.38
246.49
258.24
250.88
239.75
234.68
246.88
242.96
234.08
229.48
241.35
240.13
232.68
224.18
231.27
236.83
236.24
236.76
229.89
231.78
232.23
227.96
237.06
238.03
233.31
234.94
240.88
240.8
243.22
249.6
259.47
262.99
248.76
252.05
254.49
253.22
253.99
228.48
239.83
235.94
254.01
234.67
222.69
217.43
218.8
219.09
213.52
206
205.84
203.44
203.18
205.08
200.82
199.1
200.55
198.84
197.98
196.09
195.36
180
180
180
180
180
180
180
180
180
