198.08
199.2
195.62
191.17
189.41
185.21
187.22
191.69
193.79
194.19
197.28
201.83
200.57
198.51
198.93
198.39
200.54
199.62
196.09
193.81
201.58
198.95
197.17
192.55
196.01
189.15
202.35
205.11
204.33
199.1
188.55
199.12
187.1
185.75
182.75
185.7
177.3
167.51
173.91
201.09
195.85
186.53
195.28
194.49
183.8
189.48
192.63
191.06
194.07
191.68
191.44
188.08
188
190.04
188.03
186.29
181.98
196.33
189.51
195.36
193.38
189.18
183.52
188.45
189.67
178.72
186.22
191.88
192.48
187.79
194.88
197.24
187.64
191.32
193.52
180
180
180
180
180
180
180
180
180
180
180
180
180
180
180
180
180
180
180
180
180
180
180
180
180
















