178.69
177.76
176.09
176.69
179.38
176.14
180.29
183.12
180.49
179.57
171.45
175.49
178.7
177.36
184.19
186.1
184.99
185.12
187.97
188.11
183.67
181.82
51.51
41.79
48.87
38.34
21.67
14.02
17.15
11.83
12.77
11.71
10.96
12.15
12.39
4.82
6.89
7.36
6.11
9.86
10.3
8.74
8.48
6.89
6.36
7.68
9.17
9.95
9.87
8.74
11.27
8.7
11.01
10.68
11.69
10.44
9.99
10.79
7.36
10.66
9.01
9.74
8.38
8.12
10.16
11.23
14.17
11.82
10.49
11.01
17
20.42
28.05
15.64
184.59
175.32
179.87
183.76
188.05
186.86
188.31
179.88
182.16
186.46
186.63
190.54
189.19
181.35
192.07
191.97
183.93
186.9
198.94
187.59
188
189.14
187.5
189.05
186.91
187.08
185.79
190.03
182.43
183.54
184.64
184.83
187.79
186.29
187.32
184.86
187.71
186.66
187.58
187.86
187.27
185.6
187.76
187.63
186.79
185.93
188.26
188.63
187.26
187.83
188.84
190.98
181.07
184.71
188.09
184.28
184.61
183.36
183.17
193.41
182.58
184.99
187.57
186
188.98
191.23
186.27
184.99
181.75
191.4
199.93
224.5
205.74
193.02
191.22
149.99
211.1
13.17
42.09
359.48
279.15
14.18
31.73
39.85
6.58
14.16
22.72
8.46
13.76
3.64
16.28
13.85
14.06
10.62
13.79
13.92
11.86
13.21
8.88
13.98
10.7
12.39
8.53
12.14
11.39
8.37
11.87
13.21
11.15
11.15
12.43
10.71
9.87
11.9
10.58
11.11
9.2
8.54
11.56
9.77
9.01
6.55
11.48
8.14
11.45
11.05
18.71
10.99
14.57
6.21
22.41
31.43
9.05
4.15
6.82
357.92
263.14
209.12
130.71
202.4
