171.32
171.33
171.23
171.86
171.72
170.97
171.59
171.73
171.69
171.44
170.78
171.61
171.73
171.63
171.98
172.35
171.97
172.05
171.63
171.27
170.82
170.82
171.11
171.27
170.91
175.04
169.63
171.94
170.74
170.78
170.22
170.81
170.4
170.81
170.74
169.89
170.13
171
170.64
171.32
170.07
171.9
171.68
170.98
170.32
171.56
171.87
170.83
171.67
173.15
171.87
171.43
171.9
172.22
171.02
171.91
171.93
172.5
172.51
171.41
171.94
172.08
171.55
171.31
170.3
171.52
172.84
169.52
169.58
172.18
170.79
170.07
169.6
170.15
169.34
169.19
169.23
170.04
170.63
170.24
172.33
170.72
170.19
171.52
170.02
180
180
180
180
180
180
180
180
180
180
180
180
180
180
180



















































































