191.39
191.19
191.36
191.07
191.44
192.14
191.72
191.62
191.43
191.88
191.51
191.42
191.46
191.69
191.27
191.32
191.72
191.52
191.12
191.37
191.1
191.38
191.31
191.21
191.18
190.65
190.79
190.36
190.28
190.38
190.72
190.29
190.66
190.49
190.89
190.65
190.67
191.25
190.64
190.12
190.59
190.86
190.75
189.91
189.82
190.7
192.78
190.9
192.27
191.83
191.45
191.17
190.96
191.19
191.2
190.54
191.04
191.67
191.06
191.07
191.76
191.43
191.58
191.23
190.02
192.71
190.4
191.09
189.9
190.44
190.62
189.71
189.47
189.9
189.77
189.59
189.71
190.23
190.19
190.14
190.65
190.27
190.08
190.25
190.24
180
180
180
180
180
180
180
180
180
180
180
180
180
180
180



















































































