256.38
256.18
255
255.77
255.02
253.95
252.34
253.83
252.17
250.1
249.84
245.7
245.43
243.46
243.42
245.99
253.04
248.85
252.8
252.22
264.4
248.3
253.01
255.99
253.38
263.7
260.23
260.32
246.71
244.13
255.98
251.14
265.56
252.41
253.13
255.03
264.02
257.35
262.09
267.9
257.93
253.63
257.08
241.1
256.18
248.34
259.31
262.98
265.82
280.34
282.92
262.6
251.28
257.17
266.9
268.89
180
180
180
180
180
180
180
180
180
180
180
180
180
180
180
180
180
180
180
180
180
180
180
180
180
180
180
180
180
180
180
180
180
180
180
180
180
180
180
180
180
180
180
180