252.53
250.04
251.19
249.15
247.17
249.43
247.79
245.64
243.72
240.86
243.13
243.79
237.13
233.09
225.76
257.97
248.62
244.78
251.18
248.93
242.59
249.69
241.59
239.57
263.92
245.04
251.95
253.73
247.06
250.27
259.36
256.36
244.93
249.87
250.32
227.5
242.23
243.62
251.03
245.99
244.37
251.38
274.84
256.44
263.29
249.04
256.6
243.95
263.65
272.93
261.65
250.24
258.44
246
245.46
277.05
255.47
254.63
254.89
260.18
255.74
252.43
260.5
255.7
180
180
180
180
180
180
180
180
180
180
180
180
180
180
180
180
180
180
180
180
180
180
180
180
180
180
180
180
180
180
180
180
180
180
180
180