219.83
219.89
220.26
220
220.31
220.75
220.72
220.92
220.7
219.73
219.83
219.62
220.04
219.06
220.14
220.17
220.44
221.09
220.32
219.95
219.48
220.24
220.7
221.65
221.34
221.22
220.81
218.88
218.63
217.79
221.05
221.85
224.89
223.18
220.73
222.37
221.57
222.66
221.91
225.19
223.49
224
225.4
225.98
228.41
224.39
219.11
220.76
224.04
223.04
221.38
223.89
221.78
220.52
218.71
220.34
220.57
220.53
221.2
221.15
223.98
218.06
221.76
221.46
221.43
218.63
225.08
220.41
222.78
222.69
223.94
223.54
224.1
223.9
222.43
222.23
220.97
215.21
217.09
220.91
221.37
221.09
219.52
219.54
219.4
219.3
219.15
180
180
180
180
180
180
180
180
180
180
180
180
180