220.34
221.11
222.2
218.24
219.01
220.47
218.29
219.25
217.6
219.71
218.62
217.48
219.06
219.41
219.73
219.54
218.2
219.29
219.48
218.53
218.96
217.33
218.33
221.08
218.99
219.07
218.58
220.95
228.4
226.22
224.31
218.32
206.09
219.95
216.55
218.57
223.58
222.1
218.31
229.24
235.9
225.61
230
224.37
222.8
229.95
224.57
220.06
221.14
215.93
219.2
222.89
217.7
218.88
221.7
217.56
218.61
220.66
222.23
220.85
221.76
217.64
222.49
220.55
208.22
207.71
208.92
227.6
249.43
222.31
226.06
228.58
229.06
223.48
221.1
221.12
220.78
222.88
218.23
219.97
220.59
222.29
225.71
225.5
225.3
227.26
226.27
225.94
226.08
222.96
219.89
180
180
180
180
180
180
180
180
180