244.54
241.08
247.34
244.43
243.31
242.87
241.34
240.74
237.75
232.51
237.64
237.39
233.84
219.14
236.33
246.68
239.06
243.83
243.74
247.06
247
252.34
242.87
255.9
236.71
241.47
247.85
247.5
267.03
253.16
244.59
254.13
242
248.84
242.42
242.64
240.37
243.4
243.44
239.97
238.16
238.62
247.98
247.13
241.35
254.26
298.25
253.81
253.87
244.85
250.76
246.9
255.89
249.72
262.11
259.86
255.42
256.53
262.19
180
180
180
180
180
180
180
180
180
180
180
180
180
180
180
180
180
180
180
180
180
180
180
180
180
180
180
180
180
180
180
180
180
180
180
180
180
180
180
180
180