189.35
192.33
192.37
193.88
194.48
193.45
194.75
192.74
195.83
194.04
195.1
195.62
197.71
198.38
197.97
198.95
194.27
196.42
195.54
196.1
195.66
187.95
194.41
194.38
193.52
192.26
191.77
191.32
192.43
191.67
191.8
196.76
194.36
191.24
189.71
194.77
195.95
196.96
193
196.28
195.5
193.05
194.59
192.96
192.86
189.38
188.54
190.37
188.58
189.72
189.61
188.01
191.06
193.13
189.3
191.8
190.36
190.4
192.46
193.94
198.07
194.86
191.79
192.98
180
180
180
180
180
180
180
180
180
180
180
180
180
180
180
180
180
180
180
180
180
180
180
180
180
180
180
180
180
180
180
180
180
180
180
180