200.22
200.41
200.7
201.35
199.98
200.96
201.23
201.28
200.86
201.51
201.35
201.57
201.39
201.81
202.2
202.32
202.44
201.78
200.31
199.95
203.2
199.67
200.87
203.72
202.7
203.39
202.46
204.03
205.55
198.5
201.24
201.73
199.75
197.56
197.97
199.78
202.77
201.82
201.66
200.88
199.57
199.82
200.43
201.38
200.72
201.49
200.31
201.38
201.08
201.57
197.22
200.73
199.27
205.32
199.13
201.96
200.1
200.48
200.41
200.4
199.8
201.12
201.11
197.11
200.45
199.26
198.87
198.36
199.06
200.2
201.06
200.5
200.75
200.65
200.85
200.03
200.21
200.23
200.36
201.04
201.07
200.34
180
180
180
180
180
180
180
180
180
180
180
180
180
180
180
180
180
180