239.43
240.89
240.64
241.39
240.12
241.69
240.03
241.65
236.51
237.86
237.97
242.98
237.15
235.09
235.59
236.44
239.68
240.5
244.91
243.92
244.37
240.38
239.82
241.54
242.11
239
240.3
246.94
235.54
230.43
226.44
235.99
235.1
236.03
236.26
236.49
236.58
237.02
244.64
247.57
246.72
243.57
245.49
242.49
239.84
237.3
239
238.88
239.57
245.47
235.44
237.75
237.26
235.8
235.66
180
180
180
180
180
180
180
180
180
180
180
180
180
180
180
180
180
180
180
180
180
180
180
180
180
180
180
180
180
180
180
180
180
180
180
180
180
180
180
180
180
180
180
180
180