275.85
272.51
267.2
265.27
269.39
265.28
258.36
259.6
259.22
267.07
256.19
260.01
263.92
261.6
259.24
259.42
261.18
258.91
260.16
264.51
271.68
257.61
259.3
267.59
281.01
278.5
266.65
270.29
263.55
261
267.38
242.37
280.61
266.38
267.48
265.3
272.88
272.22
288.01
285.33
289.15
291.75
283.98
272.49
278.1
285.83
290.79
272.9
305.72
293.71
262.6
274.32
275.06
278.29
276.58
286.41
280.89
279.42
273.06
266.15
277.15
180
180
180
180
180
180
180
180
180
180
180
180
180
180
180
180
180
180
180
180
180
180
180
180
180
180
180
180
180
180
180
180
180
180
180
180
180
180
180