216.03
216.52
216.37
217.83
214.6
215.75
212.64
215.01
217.84
218.85
218.25
218.79
220.48
221.29
219.37
219.23
230.49
221.62
212.65
220.93
219.65
216.75
225.38
217.6
211.55
211.28
226.88
222.54
231.73
228
222.26
219.12
227.73
236.63
233.71
232.9
223.67
210.23
223.2
210.84
213.77
222.49
219.62
208.19
209.54
200.02
217.34
239.03
199.28
229.23
241.31
228.79
232.92
180
180
180
180
180
180
180
180
180
180
180
180
180
180
180
180
180
180
180
180
180
180
180
180
180
180
180
180
180
180
180
180
180
180
180
180
180
180
180
180
180
180
180
180
180
180
180