216.5
215.8
216.9
216.32
216.85
216.45
217
215.77
216.71
217.3
216.83
217.63
215.83
216.86
217.94
216.24
216.42
218.04
217.39
217.35
216.05
218.43
216.35
217.51
217.79
218
214.58
217.34
213.92
213.92
217.51
214.56
217.05
219.5
218.03
217.57
217.38
218.91
219.54
214.49
222.7
229.53
219.48
215.2
211.24
218.32
214.08
216.1
219.85
217.16
218.43
218.98
219.34
216.65
215.69
218.34
216.49
216.53
217.83
219.99
218.71
220.3
220.02
215.07
218.55
216.44
218.75
217.93
215.65
215.62
216.42
217.6
218.39
216.92
216.48
219.11
216.84
206.01
212.11
216.45
217.4
215.56
216.16
215.65
215.27
214.8
215.29
180
180
180
180
180
180
180
180
180
180
180
180
180