172.59
173.44
173.44
174.7
174.92
175.48
174.79
174.49
173.47
175.59
175.23
176.28
178.96
179
181.09
179.58
176.59
176.59
176.72
177.31
175.83
177.06
173.35
173.25
174.87
175.58
178.16
174.33
177
177.31
178.39
173.86
173.7
177.75
178
175.43
178.97
175.37
174
175.03
177.34
177.04
176.49
174.6
173.03
180.29
180.37
174.23
184.22
179.19
175.25
177.3
181.13
184.04
175.53
168.11
180
180
180
180
180
180
180
180
180
180
180
180
180
180
180
180
180
180
180
180
180
180
180
180
180
180
180
180
180
180
180
180
180
180
180
180
180
180
180
180
180
180
180
180