212.89
213.85
211.56
210.33
210.73
212.09
206.01
220.44
218.45
214.15
211.63
211.32
209.37
204.17
202.79
202.82
204.18
205.95
206.58
209.06
208.88
207.47
205.88
207.83
209.09
208.14
203.61
197.96
201.3
203.67
203.31
204.4
204.24
207.25
209.43
209.74
204.56
202.69
207.33
207.52
206.5
204.47
198.37
202.51
202.76
207.44
204.53
200.49
199.9
207.78
210.94
212.16
208.22
204.45
209.3
207.94
203.08
207.95
205.18
215.78
207.13
208.15
207.55
207.64
206.6
204.95
201.72
203.74
211.31
217.05
219.79
180
180
180
180
180
180
180
180
180
180
180
180
180
180
180
180
180
180
180
180
180
180
180
180
180
180
180
180
180