191.17
189.53
189.94
190.81
190.7
190.56
190.21
191.44
190.38
189.58
190.11
189.58
189.49
190.59
190.79
191.67
190.66
191.42
188.54
190.6
188.82
190.79
194.41
193.02
190.71
192.2
193.33
194.11
191.66
189.95
190.44
188.46
187.91
188.13
190.83
191.6
192.58
191.99
191.29
189.78
187.75
185.83
188.31
189.53
188.52
188.85
188.54
188.18
190.88
190.5
190.48
191.09
188.93
192.51
191.23
192.03
189.39
187.76
191.95
191.33
191.66
194.51
192.64
192.81
194.5
193.69
194.81
190.86
188.38
187.49
186.87
189.3
190.94
188.55
189.54
189.61
189.91
190.41
189.61
190.05
190.81
180
180
180
180
180
180
180
180
180
180
180
180
180
180
180
180
180
180
180