189.12
190.46
189.78
189.49
189.74
190.11
189.14
189.23
191.06
189.16
189.24
188.68
189.69
189.81
189.82
188.75
189.61
189.91
188.94
188.22
189.3
190.21
188.97
189.28
190.16
190.2
189.69
189.25
190.34
189.75
190.94
191.23
190.46
189.92
192.17
188.46
188.46
190.83
191.9
190.01
193.23
194.17
191.42
189.03
191.4
189.36
188.8
189.26
190.6
192.51
191.19
190.4
190.7
187.65
187.46
189.57
188.9
188.61
191.71
190.11
189.52
189.71
191.17
191.58
191.61
188.13
190.08
189.64
193.38
191.85
191.28
192.31
192.94
193.51
192.92
189.12
187.69
188.45
189.64
185.43
190.15
190.29
189.09
190.14
187.96
189.47
180
180
180
180
180
180
180
180
180
180
180
180
180
180