212.86
213.46
213
208.26
207.46
204.66
203.17
204.62
206.42
205.82
205.91
204.29
201.41
195.14
191.37
196.03
202.12
203.56
205.18
207.66
205.68
202.95
208.35
208.34
209.57
210.71
211.79
202.88
200.49
195.51
199.54
206.19
204.52
203.34
201.96
200.25
201.34
203.73
204.66
204.31
202.27
205.65
204.53
208.43
208.55
206.05
207.66
206.06
211.51
215.11
208.98
214.54
214.38
209.3
213.16
204.96
204.38
204.45
208.78
200.74
201.25
180
180
180
180
180
180
180
180
180
180
180
180
180
180
180
180
180
180
180
180
180
180
180
180
180
180
180
180
180
180
180
180
180
180
180
180
180
180
180