210.55
211.21
212.37
212.06
212.55
214
212.55
213.42
215.02
215.75
216.69
219.24
220.04
221.71
218.89
212.15
215.26
209.12
214.26
215.61
215.11
213.88
212.82
209.29
214.65
216.77
219.81
224.08
221.19
216.63
218.55
217.93
219.19
215.56
216.71
212.34
211.36
212
214.52
214.02
213.19
211.66
216.42
214.76
212.69
213.97
218.31
215.76
213.72
203.24
224.1
219.71
220.06
180
180
180
180
180
180
180
180
180
180
180
180
180
180
180
180
180
180
180
180
180
180
180
180
180
180
180
180
180
180
180
180
180
180
180
180
180
180
180
180
180
180
180
180
180
180
180