208.67
205.53
206.82
210.55
210.39
211.23
211.48
212.48
213.52
214.06
212.92
215.11
217.66
218
219.77
220.94
220.98
219
216.37
211.53
213.03
212.05
214.36
212.8
212.52
211.01
216.94
219
212.12
221.42
221.65
221.11
217.82
220.01
218.55
220.99
214.08
216.45
215.16
211.56
211.59
213.77
213.83
210.33
213.57
217.62
208.94
220.45
217.67
221.18
222.97
218.44
215.68
221.2
219.2
218.93
180
180
180
180
180
180
180
180
180
180
180
180
180
180
180
180
180
180
180
180
180
180
180
180
180
180
180
180
180
180
180
180
180
180
180
180
180
180
180
180
180
180
180
180