226.53
226.13
227.74
226.98
227.19
228.45
226.98
228.08
226.77
224.73
223.31
224.01
225.03
225.86
225.62
225.61
229.98
224.83
225.44
228.9
229.89
231.76
229.27
229.05
229.25
211.24
219.42
226.09
228.87
228.18
225.34
231.43
225.77
223.25
226.77
225.78
230.25
238.07
232.11
226.36
224.13
223.42
225.14
234.4
232.79
224.83
228.32
225.79
224.67
227.58
228.68
228.45
225.18
227.59
231.15
227.3
226.12
227.91
227.1
226.68
226.61
230.43
226.38
228.64
229.53
230.6
229.44
225.62
224.61
226.38
227.54
226.95
230.3
231.13
227.98
180
180
180
180
180
180
180
180
180
180
180
180
180
180
180
180
180
180
180
180
180
180
180
180
180