225.08
225.19
225.25
224.59
224.54
224.96
225.22
225.87
226.76
226.03
225.94
225.92
226.11
226.21
226.56
225.8
226.04
226.29
226.76
226.35
226.08
226.51
225.89
226.76
227.04
227.43
228.16
227.19
226.38
224.37
224.81
224.31
229.7
229.34
228.44
225.26
226.44
227.83
229.35
227.84
227.36
229
229.52
229.66
228.12
227.15
222.85
224.07
228.86
227.63
227.72
223.12
224.81
228.42
225.77
225.16
226.14
224.83
225.69
226.34
225.84
227.03
227.63
227.01
226.16
228.3
226.87
227.96
228.81
225.53
225.14
224.6
229.21
227.45
228.17
229.65
226.66
227.13
226.04
226.79
224.51
227.57
227.56
226.29
223.78
223.69
219.3
224.26
226.59
225.68
226.09
225
225.05
225.02
224.67
225.65
180
180
180
180