251.3
251.79
251.88
249.67
246.88
246.34
246.38
247.11
247.91
247.58
246.2
244.58
243.08
244.32
239.83
243.66
250.37
256.29
252.48
251.11
251.87
251.52
252.74
250.72
254.16
248.63
252.03
234.14
237.76
240.23
245
245.55
243.42
243.29
247
250.91
254.57
255.51
256.04
256.72
250.43
256.82
257.47
252.85
250.8
250.43
244.1
250.44
245.77
247.92
245.69
247.02
180
180
180
180
180
180
180
180
180
180
180
180
180
180
180
180
180
180
180
180
180
180
180
180
180
180
180
180
180
180
180
180
180
180
180
180
180
180
180
180
180
180
180
180
180
180
180
180