226.17
224.64
228
226.47
227.14
225.88
225.17
227.48
226
225.64
225.12
227.02
224.97
224.13
223.33
226.12
223.77
226.97
225.64
227.77
228.23
222.01
228.03
228.75
221.47
223.93
221.31
228.02
225.47
224.84
225.84
227.29
224.12
218.18
224.2
220.97
235.61
220.62
229.83
237.55
235.29
228.63
223.99
230.87
224.19
230.31
229.73
231.79
227.99
228.52
228.25
220.75
229.55
233.89
234.64
225.45
208.65
226.6
229.99
220.16
231.28
230.99
230.58
227.95
220.81
228.22
228.34
229.36
229.26
229.52
230.19
227.88
227.92
226.81
180
180
180
180
180
180
180
180
180
180
180
180
180
180
180
180
180
180
180
180
180
180
180
180
180
180