163.57
163.32
163.37
163.2
163.28
163.36
163.31
163.71
163.59
163.52
162.21
162.67
161.42
160.97
161.16
161.56
161.93
162.68
161.89
162.64
160.74
159.53
158.32
159.32
161.36
162.64
162.38
164.58
163.74
162.04
161.85
160.63
164.44
161.2
161.94
163.48
155.64
156.24
156.19
164.51
175.77
170.61
170.63
166.16
163.04
162.59
160.48
164.29
162.01
161.53
164
162.17
161.64
160.73
161.02
159.1
160.89
164.2
164.82
163.51
165.11
173.98
165.41
163
164.62
168.53
174.67
170.51
170.91
168.45
166.89
165.07
161.55
164.34
166.61
168.06
168.3
168.05
166.39
164.06
164.31
163.38
163.39
180
180
180
180
180
180
180
180
180
180
180
180
180
180
180
180
180