186.26
185.98
184.69
183.95
182.97
181.81
181.39
181.8
183.34
183.06
183.13
180.42
179.21
175.73
176.37
177.57
178.42
180.9
183.2
181.8
185.73
184.19
185.84
189.91
186.87
190.79
185.35
179.57
178.34
180.57
180.05
184.14
180.67
180.52
180.85
179.86
186.89
181.23
181.74
184.71
185.2
186.88
188.34
178.05
179.6
187.75
187.47
184.1
183.75
181.09
185.37
191
180
180
180
180
180
180
180
180
180
180
180
180
180
180
180
180
180
180
180
180
180
180
180
180
180
180
180
180
180
180
180
180
180
180
180
180
180
180
180
180
180
180
180
180
180
180
180
180