188.4
188.02
188.92
188.05
187.98
188.66
187.81
187.8
187.29
187.81
187.65
187.25
187.41
187.66
187.23
187.56
186.74
187.64
187.41
186.66
186.53
186.41
187.24
187.34
186.78
187.21
187.23
187.81
190.36
192.13
190.8
189.79
184.89
188.84
185.51
187.82
189.53
189.95
189.88
190.89
188.49
193.46
195.41
193.22
190.73
197.69
194.2
194.25
194.71
193.24
194.17
190.18
187.65
187.43
188.78
186.93
187.25
188.51
188.71
188.84
189.48
189.49
189.5
191.14
187.95
191.61
191.87
192.85
195.7
195.28
196.07
197.61
198.21
198.45
196.82
197.66
189.54
191.19
189.54
190.72
189.21
189.53
190.67
190.78
189.36
189.96
190.12
190.29
190.88
190.1
190.1
180
180
180
180
180
180
180
180
180