188.5
186.36
183.7
181.37
181.1
180.49
180.73
181.53
182.49
181.9
180.61
179.29
178.21
174.28
170.28
176.98
182.49
181.99
184.4
184.85
180.87
181.05
184.74
188.33
186.64
182.57
186.83
182.21
179.35
180.95
179.64
182.07
182.15
184.1
179.9
180.1
179.36
183.44
179.6
184
180.71
181.48
184.43
182.37
185.5
180.6
178.09
186.92
182.98
184.57
184.18
185.94
185.09
192.88
185.31
188.68
188.62
204.81
185.76
187.78
180.89
178.15
178.87
180.43
186.9
180
180
180
180
180
180
180
180
180
180
180
180
180
180
180
180
180
180
180
180
180
180
180
180
180
180
180
180
180
180
180
180
180
180
180