196
196.2
195
193.32
192.52
193.04
191.05
190.38
189.65
189.12
188.89
188.1
187.63
190.27
190.76
187.44
186.9
192.91
195.09
194.62
195.88
194.76
195.26
200.84
200.45
201.01
203.38
204.16
200.84
200.61
195.29
194.43
197.4
200.84
197.52
200.42
202.11
204.97
208.13
207.46
208.67
205.23
208.73
214.38
210.65
212.49
213.32
217.78
209.19
212.86
214.51
215.48
214.09
213.21
180
180
180
180
180
180
180
180
180
180
180
180
180
180
180
180
180
180
180
180
180
180
180
180
180
180
180
180
180
180
180
180
180
180
180
180
180
180
180
180
180
180
180
180
180
180