199.97
200.41
198.99
198.9
198.3
199.3
199.39
198.92
198.67
199.27
199.04
199.49
199.74
199.93
200.55
203.85
209.18
205.07
208.62
197.32
215.23
208.65
215.97
222.71
221.36
222.52
230.3
236.46
232.79
229.44
233.21
238.31
238.69
239.87
242.15
242.49
248.55
245.88
251.98
248.62
249.44
251.33
252.61
250.96
250.36
250.65
248.4
246.38
244.68
239.24
239.86
237.91
236.77
230.35
229.19
222.78
217.7
224.17
226.15
209.87
204.56
212.35
203.01
199.95
198.6
197.79
196.85
196.54
193.94
190.2
193.38
198.34
199.47
201.92
201.96
203.91
201.4
200.04
199.1
197.5
197.58
196.85
180
180
180
180
180
180
180
180
180
180
180
180
180
180
180
180
180
180
