160.83
162.88
164.32
164.15
162.62
161.48
164.47
159.57
158.31
153.82
156.8
158.43
159.99
162.55
154.42
146.96
146.37
142.8
147.34
147.49
143.82
143.36
155.75
148.35
147.36
142.11
141.11
146.89
143.19
139.55
148.14
141.73
145.74
152.1
145.55
144.33
148.49
147.17
152.95
153.75
152.66
151.99
153.5
149.07
150.67
150.81
152.02
151.9
152.02
152.85
152.28
153.18
149.51
149.29
146.39
158.22
167.89
160.61
161.68
169.64
148.5
161.44
164.38
158.35
156.2
171.07
150.95
157.09
161.31
156.05
153.59
144.34
153.07
150.89
160.36
157.11
155.36
153.04
157.81
157.64
157.26
180
180
180
180
180
180
180
180
180
180
180
180
180
180
180
180
180
180
180

