169.04
170.4
170.61
168.85
167.86
162.52
159.38
163.18
152.87
154.03
155.73
148.83
125.68
137.88
131.53
120.7
114.81
128.26
141
125.35
124.23
80.78
122.44
104.76
52.84
104.04
96.69
40.35
81.66
60.65
75.2
57.83
60.5
49.47
48.15
45.77
51.54
49.75
42.74
49.13
48.9
45.16
47.17
48.15
48.35
47.88
51.78
56.45
62.75
70.89
70.89
70.78
47.75
98.27
74.32
74.09
122.11
102
117.59
155.25
150.93
149.11
155.44
147.57
155.93
156.27
164.88
163.04
164.37
171.06
177.76
163.69
166.08
164.17
184.48
175.8
173.62
175.9
174.91
176.77
179.67
172.58
178.22
176.97
181.28
173.6
171.94
174.63
175.58
177.43
176.51
180
180
180
180
180
180
180
180
180

