164.78
164.37
157.58
171.25
169.32
164.88
166.38
167.56
163.99
166.48
167.57
169.57
167.01
167.3
167.22
169.24
169.17
169.19
168.58
167.29
168.76
168.15
170.5
167.34
162.3
162.54
164.5
160.66
164.92
161.54
156.98
156.78
164.14
166.91
174.33
158.91
153.82
135.32
145.02
156.51
157.68
154.99
156.88
163.44
163.53
153.64
152.04
161.69
156.55
151.37
155.83
158.02
152.38
154.52
154.48
152.25
151.21
156.11
159.06
150.11
159.59
158.98
158.58
165.59
160.96
161.11
161.87
165.87
160.43
170.1
167.24
163.32
173.63
172.35
175.87
180
180
180
180
180
180
180
180
180
180
180
180
180
180
180
180
180
180
180
180
180
180
180
180
180
















