170.76
171.43
171.16
169.9
168.81
169.28
169.86
169.92
170.43
170.82
170.47
171
170.2
170.18
168.28
163.66
169.05
163.58
158.29
160.07
160.66
158.85
168.43
161.34
160.85
158.1
156.41
162.33
161.43
162.26
167.72
161.37
149.77
160.94
155.95
149.99
157.74
150.21
147.27
144.03
150.49
150.99
151.41
150.22
151.74
154.15
154.69
152.87
153.34
157.12
161.96
163.52
156.75
160.18
162.88
157.53
159.51
165.54
162.3
163.54
166.74
168.93
162.84
165.62
168.31
165.83
168.7
171.39
169
172.69
171.09
172.79
172.84
169.93
174.31
180
180
180
180
180
180
180
180
180
180
180
180
180
180
180
180
180
180
180
180
180
180
180
180
180
















