223.22
223.89
224.44
224.48
221.29
220.93
223.91
224.49
222.88
221.59
217.93
214.99
210.63
212.6
218.77
222.08
225.37
225.84
222.51
218.62
218.69
220.92
221.7
219.7
220.68
221.73
220.57
219.61
219.74
222.23
221.01
221.32
222.75
222
228.13
218.62
215.99
246.97
221.84
222.03
222
224.74
223.67
223.8
235.42
213.7
222.08
225.79
222.8
218.89
226.74
224.98
222.64
222.44
218.55
226.1
218.87
216.99
223.99
228.57
224.18
228.61
212.16
221.66
223.88
230.04
218.77
221.54
217.66
220.75
223.21
180
180
180
180
180
180
180
180
180
180
180
180
180
180
180
180
180
180
180
180
180
180
180
180
180
180
180
180
180