211.78
212.86
212.4
212.56
213.62
215.26
213.68
212.92
212.79
212.79
213.09
213.18
214.18
214.54
215.53
211.65
214.75
210.15
218.12
215.63
215.91
215.76
220.24
221.59
212.96
217.06
218.95
215.33
216.26
216.37
217.05
215.44
211.6
211.63
213.48
212.64
211.29
216.61
217.8
211
214.56
215.58
217.47
218.4
217.85
218.43
213.84
209.83
208.63
209.77
210.65
212.97
214.87
180
180
180
180
180
180
180
180
180
180
180
180
180
180
180
180
180
180
180
180
180
180
180
180
180
180
180
180
180
180
180
180
180
180
180
180
180
180
180
180
180
180
180
180
180
180
180