213.4
212.28
212.29
213
212.86
213.17
213.13
214.04
213.95
212.86
212.58
212.66
213.73
214.98
213.25
213.89
214.59
214.58
213.84
216.1
214.57
214.84
215.93
216.62
217.5
215.41
215.72
210.47
216.59
213.15
215.66
215.18
213.5
215.59
216.23
213.2
213.69
216.19
210.71
214.73
214.29
218.84
215.03
215.08
214.28
216.31
209.87
207.89
215.43
219.25
216
218.87
215.99
214.29
212.04
210.76
211.93
211.3
211.42
180
180
180
180
180
180
180
180
180
180
180
180
180
180
180
180
180
180
180
180
180
180
180
180
180
180
180
180
180
180
180
180
180
180
180
180
180
180
180
180
180