239.35
239.37
238.14
240.6
237.16
245.31
241.71
241.66
237.93
242.06
240.79
237.09
237.15
239.5
240.42
236.82
244.46
237.94
240.52
232.16
235.07
232.02
233.84
234.72
244.25
227.1
240.74
233.73
235.07
228.79
234.75
229.28
232.14
232.05
232.36
230.88
228.27
229.63
228.19
231.81
233.5
231.23
231.29
232.55
234.02
236.02
234.86
239.36
241.34
242.89
241.72
240.07
238.72
244.05
243.7
242.93
243.97
243.56
239.65
237.33
236.49
234.71
230.79
234.51
234.1
234.52
236.58
247.56
232.04
231.19
238.1
180
180
180
180
180
180
180
180
180
180
180
180
180
180
180
180
180
180
180
180
180
180
180
180
180
180
180
180
180