230.75
230.04
230.6
230.9
228.95
228.86
233.06
231.58
234.42
232.72
232.14
233.18
233.86
232.74
231.86
231.71
230.91
230.74
230.71
231.14
236.81
228.64
230.37
229.11
240.75
236.6
229.85
230.5
228
228.42
224.87
229.32
231.71
230.1
231.52
230.88
251.7
236.18
240.32
232.78
233.56
230.27
228.91
232.82
231.63
231.76
232.82
232.27
233.91
232.3
225.73
224.65
227.85
180
180
180
180
180
180
180
180
180
180
180
180
180
180
180
180
180
180
180
180
180
180
180
180
180
180
180
180
180
180
180
180
180
180
180
180
180
180
180
180
180
180
180
180
180
180
180