239.62
238.39
239.88
238.39
238.11
237.4
238.61
237.5
237.84
237.33
238.68
239.08
238.41
228.15
239.61
234.12
236.57
228.47
229.13
242.38
230.52
237.24
225.57
228.39
242.54
228.18
227.53
227.75
230
228.41
230.22
231.6
236.11
238.51
239.9
243.48
241.21
240.79
238.14
237.06
239.17
237.11
239.01
237.96
236.74
236.75
233.11
230.78
232.37
233.51
230.2
233.7
232.8
180
180
180
180
180
180
180
180
180
180
180
180
180
180
180
180
180
180
180
180
180
180
180
180
180
180
180
180
180
180
180
180
180
180
180
180
180
180
180
180
180
180
180
180
180
180
180