266.43
266.45
268.12
267.02
268.29
268.16
272.69
263.05
260.37
267.27
266.59
269.98
257.92
265.45
256.27
290.35
271
273.55
271.65
270.12
252.12
259.37
266.21
292.05
271.9
274.12
268.26
270.73
277.93
276.86
272.78
273.09
276
285.46
274.09
259.33
250.23
261.24
271.79
284.08
277.67
274.82
275.81
269.34
272.45
263.39
265.58
263.77
269.53
262.53
263.71
263.95
266.76
265.85
269.02
268.68
269.22
180
180
180
180
180
180
180
180
180
180
180
180
180
180
180
180
180
180
180
180
180
180
180
180
180
180
180
180
180
180
180
180
180
180
180
180
180
180
180
180
180
180
180