264.74
264.5
266.42
265.5
266.85
262.47
264.9
265.34
263.8
264.89
263.8
264.71
259.62
268.57
262.51
262.08
261.97
263.93
260.04
280.68
251.26
271.86
265.65
269.39
262.41
270.69
267.6
302.36
253.33
262.09
279.5
266.72
275.92
270.28
268.19
268.64
259.74
295.4
263.72
281.33
274.46
273.6
275.48
279.56
272.64
271.12
277.46
279.87
268.89
281.99
266.39
260.69
241.1
277.31
277.85
314.06
269.3
269.73
271.1
273.21
259.28
273.19
267.31
266.82
266.87
273.4
278.08
266.75
262.1
261.1
262.87
265.1
266.22
266.71
266.93
264.58
263.63
180
180
180
180
180
180
180
180
180
180
180
180
180
180
180
180
180
180
180
180
180
180
180