214.9
215.64
216.8
216.86
213.94
211.17
211.81
215.05
215.02
212.83
207.86
208.22
212.67
211.53
211.61
213.12
207.83
208.31
211.49
210.65
207.31
211.73
211.46
213.37
210.58
209.95
206.74
212.33
214.14
215.49
205.22
209
211.37
213.61
214.91
212.16
214.88
216.72
213.24
218.13
216.48
215.93
218.68
219.07
215.43
220.49
216.68
214.54
211.36
214.22
215.84
214.4
214.25
211.57
212
213.63
214.04
207.86
208.09
211.35
214.38
211.49
206.68
204.73
213.5
221.96
226.13
180
180
180
180
180
180
180
180
180
180
180
180
180
180
180
180
180
180
180
180
180
180
180
180
180
180
180
180
180
180
180
180
180