216.06
214.57
212.65
212.7
212.61
214.48
215.34
217.67
210.09
203.31
204.74
208.91
215.9
213.61
208.84
206.15
210.1
211.98
206.63
208.74
209.82
210.1
212.97
212.29
211.06
212.9
212.65
211.81
213.35
214.05
214.75
212.41
214.89
214.63
212.93
213.61
215.58
215.53
214.07
215.5
213.26
211.9
214.58
213
210.51
207.76
210.81
213.14
208.87
208.66
213.18
211.82
212.96
207.1
208.5
211.64
216.27
216.44
214.57
212.42
213.14
180
180
180
180
180
180
180
180
180
180
180
180
180
180
180
180
180
180
180
180
180
180
180
180
180
180
180
180
180
180
180
180
180
180
180
180
180
180
180