224.67
224.91
225
225.01
225.01
225.95
226.38
225.83
225.4
227.55
227.33
226.72
225.5
227
226.85
225.88
225.94
226.01
226.54
226.38
227.48
227.14
226.67
224.17
225.91
227.17
224.63
225.32
224.35
230.28
232.48
228.25
229.92
227.63
229.34
228.43
226.97
225.98
227.92
227.49
227.72
226.66
225.22
219.53
226.67
223.73
223.76
225.92
227.1
226.78
224.28
224.95
231.29
232.97
225.96
229.47
229.17
225.76
227.23
180
180
180
180
180
180
180
180
180
180
180
180
180
180
180
180
180
180
180
180
180
180
180
180
180
180
180
180
180
180
180
180
180
180
180
180
180
180
180
180
180