219.58
219.25
219.47
218.82
220.48
219.84
217.89
219.21
217.84
216.96
218.24
222.02
221.75
220.46
219.18
220.97
220.53
220.65
215.98
223.1
221.71
226.65
222.65
222.47
220.26
221.99
219.71
221.4
219.9
219.79
217.5
222.62
220.72
216.32
221.2
221.03
220.88
221.57
220.59
218.73
215.08
219.64
216.98
219.85
220.32
220.17
215.48
213.15
212.05
217.32
214.33
220.31
217.23
213.48
215.19
216.23
213.82
216.33
219.86
218.68
218.44
219.12
218.55
218.51
220.45
219.98
217.09
222.02
230.28
217.49
212.04
180
180
180
180
180
180
180
180
180
180
180
180
180
180
180
180
180
180
180
180
180
180
180
180
180
180
180
180
180