260.12
256.11
259.47
258.35
259.99
254.6
255.22
258.31
258.52
258.84
257.11
256.28
255.39
255.9
254.66
255.66
253.44
256.39
257.77
256.86
252.79
253.98
249.65
255.7
252.87
254.23
246.9
247.36
250.66
250.28
259.36
253.32
255.7
249.59
256.85
247.81
257.04
257.96
257.7
256.67
255.89
255.85
252.93
250.08
255.57
256.51
255.3
258.28
264.59
257.7
257.81
262.4
251.68
260
259.88
262.87
256.13
259
254.87
260.72
256.15
254.03
245.47
248.65
255.36
262.5
251.25
254.29
260.54
252.56
248.93
257.08
258.86
260.51
260.79
255.77
256.53
180
180
180
180
180
180
180
180
180
180
180
180
180
180
180
180
180
180
180
180
180
180
180