180.37
180.54
179.55
179.24
179.56
179.72
180
179.47
180.7
181.03
180.44
180
179.42
179.13
179.95
180.28
179.54
179.41
179.15
179.55
180.92
181.07
181.13
181.21
181.53
182.65
183.33
182.6
181.13
179.11
180.4
182.42
179.36
182.15
180.49
180.48
179.77
181.25
181.12
181.27
181.72
180.55
181.66
183.62
183.62
181.16
179.56
181.21
182.13
185.69
179.94
182.35
181.35
183.57
181.32
181.57
182.7
179.05
178.9
181.57
180
180
180
180
180
180
180
180
180
180
180
180
180
180
180
180
180
180
180
180
180
180
180
180
180
180
180
180
180
180
180
180
180
180
180
180
180
180
180
180