164.74
164
161.86
162.05
163.09
162.71
161.91
161.47
161.59
162.02
162.5
162.2
161.08
159.89
160.42
161.3
161.49
161.26
160.24
160.79
159.97
159.53
159.97
160.95
160.19
161.38
164
161.83
158.66
157.84
160.83
164.86
163.97
163.55
161.61
162.48
163.06
164.29
163.73
162.98
164.29
162.4
162.74
164.83
168.04
165.68
162.01
162.9
163.72
164.91
161.72
164.09
160.77
162.73
165.08
164.89
164.03
154.61
157.56
162.07
180
180
180
180
180
180
180
180
180
180
180
180
180
180
180
180
180
180
180
180
180
180
180
180
180
180
180
180
180
180
180
180
180
180
180
180
180
180
180
180