196.4
196.48
195.03
195.43
195.1
196.21
194.62
194.24
195.19
195.53
194.31
194.47
194.33
194.55
195.27
195.01
194.28
194.07
195.87
194.83
193.35
194.41
194.46
193.59
192.93
193.9
194.75
193.9
193.98
193.68
194.81
193.3
193.12
193.46
192.35
192.39
193.1
193.24
188.93
195.4
190.52
189.31
190.5
194.15
196.38
192.96
194.17
196.31
205.15
197.26
207.92
197.01
205.49
201.86
202.71
202.81
204.21
202.7
206.76
212.2
205.88
212.24
204.53
216.35
201.56
201.3
195.45
204.73
202.65
187.4
192.93
195.16
192.97
196.33
195.8
196.18
195.74
180
180
180
180
180
180
180
180
180
180
180
180
180
180
180
180
180
180
180
180
180
180
180