153.27
152.67
149.63
148.95
148.17
149.03
149.28
150.05
148.94
146.98
147.5
146.64
147.35
146.84
145.89
146.92
159.59
151.66
150.99
148.35
140.44
148.22
147.12
159.52
154.56
154.34
149.72
143.83
152.41
148.27
143.92
146.14
147.74
148.11
149.94
148.87
136.01
156.61
146.84
152.96
156.02
149.69
154.49
133.8
144.03
138.64
141
144.39
157.15
152.78
143.62
154.83
142.23
140.08
147.15
147
145.76
140.12
144.75
148.66
180
180
180
180
180
180
180
180
180
180
180
180
180
180
180
180
180
180
180
180
180
180
180
180
180
180
180
180
180
180
180
180
180
180
180
180
180
180
180
180