268.18
263.12
260.27
257.27
263.23
257.06
261.12
260.31
258.93
260.16
259.8
259.52
265
262.52
256.11
257.98
259.48
258.92
261.44
261.19
259.79
260.34
260.19
256.99
257.16
260.2
266.1
280.71
277.66
258.38
250.85
279.44
258.27
254.99
248.54
262.33
254.04
274.94
260.75
266.75
265.29
275.51
265.72
272.41
272.52
270.41
264.1
263.17
265.89
270.39
273.07
267.82
267.01
267.32
275.4
256.27
270.91
279.9
242.87
294.18
291.14
280.15
270.69
288.38
277.48
282.81
282.74
283.08
275.25
277.69
276.95
268.66
269.27
180
180
180
180
180
180
180
180
180
180
180
180
180
180
180
180
180
180
180
180
180
180
180
180
180
180
180