221.59
222.56
223.03
223.92
224.54
222.03
221.86
224.89
227.19
226.42
222.47
224.78
224.16
222.34
223.62
224.23
226.82
226.05
229.72
225.22
220.78
225.69
226.8
226.26
226.81
225.27
219.8
225.12
225.29
220.45
223.24
221.88
228.57
225.25
222.08
225.74
226.05
225.41
225.57
229.12
230.14
225.94
218.54
221.76
223.14
224.67
223.87
223.53
223.96
223.09
224.18
223.76
227.05
227.8
221.54
225.9
225.56
220.97
222.62
225.68
222.36
221.52
224.14
223.28
225.66
223.55
226.76
222.11
214.58
218.31
217.72
224.86
221.76
224.58
225.71
225.61
180
180
180
180
180
180
180
180
180
180
180
180
180
180
180
180
180
180
180
180
180
180
180
180