218.78
221.56
223.85
223.79
224.09
223.05
221.81
223.24
223.67
221.43
225.92
224.67
222.55
225.48
217.32
220.25
222.05
225.9
228.49
228.72
221.39
223.57
228.25
225.04
228.97
234.56
230.15
229.16
225.05
226.12
225.39
224.81
225.54
226.17
226.25
227.36
228.06
229.39
227.57
222.17
220.89
221.25
223.63
224.58
224.88
222.62
221.29
224.61
223.39
226.4
228.94
217.89
220.75
225.17
221.77
226.4
226.26
218.43
229.07
216.65
230.3
217.85
223.06
224.07
225.34
226.44
214.89
224.2
224.95
224.64
226.21
218.14
225.35
224.01
222.77
227.84
227.01
226.01
225.37
180
=180
=180
180
180
180
180
180
180
180
180
180
180
180
180
180
180
180
180
180
180