220.54
219.98
222.24
223.08
219.6
218.78
220.08
221.26
221.51
222.65
223.28
225.64
223.41
221.4
223.91
222.12
217.79
222.16
221.15
221.22
225.22
223.56
228.29
223.73
223.21
225.87
226.37
227.97
222.7
222.52
216.69
223.15
224.7
219.84
218.96
224.24
225.95
228.55
224.64
223.54
222.06
219.41
220.07
220.88
220.95
223.05
223.72
226.39
225.74
223.03
218.33
224.17
226.16
222.39
227.15
224.03
208.44
224.92
222.96
229.13
210.19
224.79
221.84
221.63
215.72
229.03
217.06
223.16
225.14
219.81
219.78
225.18
222.67
224.2
222.02
228.01
223.68
180
180
180
=180
=180
180
180
180
180
180
180
180
180
180
180
180
180
180
180
180
180
180
180