221.24
221.17
219.95
221.03
220.38
220.1
220.88
221.11
221.32
220.44
219.21
219.8
220.36
219.32
218.17
218.61
220
221.19
219.66
222.17
219.01
217.13
219.74
218.03
221.97
223.52
226.43
231.9
216.49
223.27
217.27
228.97
222.62
215.47
221.43
221.95
217.76
225.61
213.88
229.31
237.36
223.38
229.98
226.09
220.65
220.02
217.98
225.03
218.07
218.69
222.99
222.04
219.27
220.59
221.88
217.89
225.49
244.72
222.73
235.42
216.19
212.87
220.26
240.53
227.95
251.69
225.35
229.36
229.47
224.59
225.72
224.82
229.97
218.74
225
225.98
229.35
228.91
224.89
221.81
223.45
220.06
221.26
180
180
180
180
180
180
180
180
180
180
180
180
180
180
180
180
180