220.2
219.71
219.67
220.42
219.35
219.8
220.32
220.83
220.26
221
221.36
220.6
219.81
220.12
220.54
220.8
219.93
220.81
220.08
219.94
219.64
220.71
220.16
219.53
220.72
221.5
224.25
224.27
220.85
221.56
216.92
222.77
224.23
224.34
226.16
222.48
222.2
222.32
223.73
222.86
225.74
224.33
227.14
223.26
217.84
218.57
222.2
225.69
224.58
223.93
221.14
222.67
221.7
219.74
219.85
220.08
220.89
220.98
221.42
221.48
223.23
222.59
224.55
221.97
218.57
215.56
224.2
229.5
222.76
222.71
224.25
224.42
223.53
223.89
223.55
226.67
227.35
224.99
224.82
224.62
221.62
220.17
218.63
218.39
216.8
216.61
216.69
217.45
219.01
221.85
222.67
180
180
180
180
180
180
180
180
180