222.45
222.25
219.36
221.4
220.52
220.18
221.14
222.15
220.22
220.68
219.21
217.8
220.87
222.23
219
218.85
217.73
218.04
216.36
219.33
220.42
219.33
214.84
214.44
219.26
218.46
214.47
220.62
222.98
221.03
225.66
219.09
214.31
227.39
210.42
220.75
224.81
217.88
213.15
217.58
231.46
228.11
219.9
222.99
223.66
230.41
222.21
222.89
221.95
213.93
222.85
223.42
224.92
220.62
220.86
217.78
219.35
215.91
218.92
227.68
224.57
227.55
230.91
277.94
241.89
220.21
224.43
228.83
230.05
225.16
229.59
215.63
219.12
213.3
218.06
228.58
230.38
219.75
219.59
221.08
226.03
225.86
224.7
226.79
228.2
227.13
180
180
180
180
180
180
180
180
180
180
180
180
180
180