272.39
264.18
276.16
274.26
273.44
271.6
273.12
269.66
265.99
262.83
266.45
268.05
268.09
264.71
266.71
265.01
261.25
266.18
264.52
268.73
271.96
267.22
266.16
272.1
277.52
251.55
282.21
264.82
260.03
256.69
268.54
268.92
271.01
266.63
272.55
273.44
282.57
271.49
271.69
272.83
273.31
273.43
274.16
272.45
266.03
266.59
268.96
272.4
271.09
269.76
265.67
266.77
263.21
263.01
263.74
263.4
264.04
262.36
268.36
269.5
261.01
262.48
275.16
277.45
274.58
269.57
264.78
249.03
252.9
268.31
289.05
280.2
292.28
275.17
283.17
280.4
284.53
280.46
275.02
279.84
284.72
284.33
279.12
271.21
180
180
180
180
180
180
180
180
180
180
180
180
180
180
180
180