220.64
225.02
226.63
227.04
224.16
222.62
222.83
222.78
225.32
225.03
223.26
222.79
223.47
225.46
226.11
225.4
224.72
224.31
220.14
215.25
226.58
227.21
226.12
220.05
220.89
219.71
227.91
231.21
227.52
225.31
227.91
231.27
221.39
226.29
229.79
226.87
223.23
221.32
224.56
231.46
225.12
224.44
224.9
228.15
224.85
223.29
223.01
224.7
225.63
224.54
223.72
223.84
222.76
227.9
225.92
223.58
220.63
224.63
225.45
223.98
222.25
227.76
217.13
221.65
233.21
223.79
220.59
229.4
228.77
224.26
224.19
224.91
226.23
225.36
228.33
229.52
224.39
220.19
180
180
=180
=180
180
180
180
180
180
180
180
180
180
180
180
180
180
180
180
180
180
180