232.34
232.7
233.53
232.01
231
228.74
230.61
230
231.69
229.94
230.65
231.5
230.88
229.61
229.6
229.12
228.67
230.04
229.13
228.38
229.27
228.38
226.12
228.8
236.43
227.96
221.51
219.84
228.43
230.43
230.93
227.25
231
228.64
230.78
232.62
238.05
234.53
234.51
229.97
231.47
231.39
231.71
231.32
231.93
233.01
234.49
230.6
229.63
228.6
230.65
229.91
231.33
229.72
231.4
229.61
230.14
229.57
229.72
230.07
231.37
230.72
230.19
231.83
227.83
217.82
231.06
232.16
234.94
233.26
231.78
231.47
228.3
230.16
227.75
229.97
233.23
229.13
228.54
229.65
230.7
=180
180
180
180
180
180
180
180
180
180
180
180
180
180
180
180
180
180
180