198.65
198.22
198.56
199.12
198.09
198.95
199.03
199.88
200.17
201.65
199.85
199.68
199.9
199.54
199.82
199.08
198.83
199.86
198.17
200.09
201.69
198.04
199.94
199.29
200.4
201.52
201.88
198.43
199.5
196.38
198.02
197.48
199.91
200.23
198.78
198.47
198.56
197.69
197.83
199.11
199.82
199.43
199.76
199.53
199.56
200.58
198.95
200.03
199.89
199.19
197.98
198.68
199.42
199.84
198.52
198.96
199.08
197.88
199.11
197.02
200.13
197.11
197.88
199.06
199.2
198.5
197.47
198.06
202.2
201.02
196
195.9
180
180
180
180
180
180
180
180
=180
=180
180
180
180
180
180
180
180
180
180
180
180
180
180
180
180
180
180
180