227.94
228.17
228.19
227.51
227.16
228.56
228.46
227.48
227.35
227.92
227.71
225.64
228.85
225.48
227.8
228.03
224.86
227.07
229.87
231.35
233.17
228.73
226.05
223.28
226.77
227.49
226.76
225.96
227.1
222.78
222.18
223.86
226.73
235.06
234.47
224.71
230.44
228.47
228.97
229.21
232.41
226.9
225.59
228.19
227.63
225.43
228.39
230.44
226.07
229.5
227.81
230.01
234.67
230.05
221.84
228.47
226.36
228.34
228.33
228.44
228.76
228.91
230.18
213.52
226.59
223.61
226.42
229.84
231.56
234.16
228.18
227.45
225.44
226.66
227.7
228.54
180
180
180
180
180
180
180
180
180
180
180
180
180
180
180
180
180
180
180
180
180
180
180
180