198.17
199.85
198.1
198.28
198.72
198.12
199.04
198.5
198.61
199.74
199.18
198.56
198.48
199.02
198.89
197.08
198.71
194.97
196.7
196.99
195.75
198.89
195.68
199.81
197.93
197.95
198.24
200.71
200.52
200.73
200.76
199.24
196.73
197.92
198.67
197.06
197.35
197.95
198.44
199
198.3
197.06
198.85
199.49
197.92
198.22
199.17
198.59
199.46
198.74
198.19
197.7
199.01
196.25
196.28
197.9
197.73
197.32
195.6
197.35
194.59
197.19
193.32
195.95
196.36
195.09
195.63
195.18
195.12
195.74
195.36
194.43
194.8
198.1
180
180
180
180
180
180
=180
=180
180
180
180
180
180
180
180
180
180
180
180
180
180
180
180
180
180
180