236.03
235.56
239.02
236.12
235.25
234.71
238.23
235.7
236.57
235.44
234.33
235.16
235.32
234.87
235.03
234.42
233.92
231.32
233.89
234.46
233.54
234.52
236.7
230.84
223.53
239.28
233.72
228.73
230.35
232.36
233.06
232.51
227.56
233.03
234.08
237.57
231.88
234.85
232.28
237.47
241.09
238.14
236.54
235.76
234.64
234.16
236.29
234.95
233.42
234.96
235.86
233.93
232.68
231.32
234.75
234.67
234.89
233.81
234.56
237.36
232.74
236.02
236.05
233.66
232.56
233.47
232.11
234.9
235.89
231.37
232.73
234.56
233.72
231.78
234.68
237.61
238.16
236.44
180
180
=180
=180
180
180
180
180
180
180
180
180
180
180
180
180
180
180
180
180
180
180