229.15
233.19
232.02
230.55
231.24
232.24
230.64
230.58
227.86
226.87
228.03
231.17
232.39
230.99
226.95
228.63
229.78
229.07
229.83
230.6
237.09
228.56
224.14
236.85
224.98
232.64
226.42
225.74
226.56
229.05
229.63
222.6
226.5
228.46
227.23
229.28
233.22
231.7
232.64
233.91
230.33
229.62
231.02
230.86
232.21
229.52
228.28
231.54
230.3
230.18
234.9
231.93
230.64
229.84
227.8
231.7
230.12
228.71
228.35
228.14
230.58
230.82
230.38
229.21
227.69
230.9
224.11
234.11
227.81
230.37
223.69
228.8
234.56
225.06
228.28
230.58
232.17
233.02
231.42
230.59
232.2
=180
180
180
180
180
180
180
180
180
180
180
180
180
180
180
180
180
180
180