198.01
199.21
200.02
199.15
200.24
200.66
201.42
199.82
200.94
200.84
200.8
200.91
199.94
199.47
199.89
199.67
198.54
195.87
200.65
197.14
199.01
200.83
200.17
200.35
201.89
201.77
201.51
198.43
200.98
199.23
198.5
197.75
198.93
200.18
199.82
200.04
199.99
198.97
198.62
199.39
199.62
199.88
200.42
199.59
200.72
199.81
199.83
200.73
200.1
199.58
199.33
199.28
198.23
199.27
198.31
199.28
198.48
197.82
196.46
195.79
199.3
196.88
196.69
199.63
199
198.8
201
200.66
198.29
197.92
198.8
197.04
194.92
180
180
180
180
180
180
180
180
180
180
180
180
180
180
180
180
180
180
180
180
180
180
180
180
180
180
180