213.76
215.06
213.44
214.6
215.37
212.74
215.8
216.09
213.98
218.97
216.19
215.66
215.49
220.59
212.84
216.15
213.29
218.88
209.36
214.08
219.99
216.38
216.21
217.93
216.51
217.16
217.24
218.66
221
223.93
221.08
227.15
209.43
215.26
211.23
212.6
214.15
217.05
217.81
222.51
218.12
216.77
216.37
217.41
214.41
213.03
216.71
213.85
220.68
219.54
214.54
210.29
213.45
214.68
208.88
205.37
209.46
221.18
205.5
224.39
217.23
217.7
213.47
216.62
221.16
215.45
213.13
212.86
213.08
214.01
216.86
213.95
216
216.46
180
180
180
180
180
180
=180
=180
180
180
180
180
180
180
180
180
180
180
180
180
180
180
180
180
180
180