213.77
215.02
216.02
216.83
215.97
214.74
216.6
217.23
215.18
217.12
216.88
215.64
215.75
216.24
219.9
218.86
219.54
212.44
216.98
212.5
206.55
217.3
214.29
210.25
223.84
226.06
220.67
214.34
217.82
217.86
220.53
222.08
218.36
214.1
205.34
223.25
222.01
212.24
211.71
214.56
218.2
218.03
218.7
220.55
217.82
220.44
220.3
216.74
216.24
219.23
218.23
219.48
216.31
217.41
217.7
220.22
216.49
218.11
218.08
216.69
230.06
220.07
214.23
208.54
214.07
217.23
215.28
217.39
219.15
221.04
219.84
215.08
213.08
211.39
211.83
219.31
217.07
209.3
216.42
214.75
217.04
215.93
220.64
221.55
180
180
180
180
180
180
180
180
180
180
180
180
180
180
180
180