265.63
266.8
265.02
265.01
264.33
264.24
264.08
264.63
265.31
262.73
264.11
267.11
266.39
264.33
281.16
270.73
250.83
267.54
257.38
268.06
268.17
268.41
267.97
268.63
268.59
265.12
265.36
271.17
266.8
265.06
271.7
271.99
271.57
268.16
265.48
262.67
263.35
268.93
271.22
273.92
273.04
269.94
263.43
263.97
269
268.04
274.35
240.55
258.78
257.19
248.87
258.89
251.76
240.33
295.44
259.05
305.32
278.6
263.63
262.03
276.76
273.9
271.52
279.85
282.01
274.36
180
180
180
180
180
180
180
180
180
180
180
180
180
180
180
180
180
180
180
180
180
180
180
180
180
180
180
180
180
180
180
180
180
180