266.27
269.19
268.39
267.03
267.24
268.03
268.18
267.59
264.9
267.04
267.03
265.53
265.76
268.6
266.65
267.58
265.66
263.88
267.48
268.76
268.12
266.67
263.33
266.22
263.41
274.5
267.28
267.12
236.72
271.79
260.85
252.18
272.67
260.91
266.26
272.97
253.16
267.91
278.48
269.22
271.54
272.22
274.21
260.64
266.12
262.35
274.45
269.99
272.81
262.91
264.59
258.24
279.47
275.81
297.4
265.04
273.44
288.63
271.84
247.06
230.95
256.06
313.58
285.15
283.21
292.91
279.83
280.37
276.35
272.36
282.32
276.29
276.12
180
180
180
180
180
180
180
180
180
180
180
180
180
180
180
180
180
180
180
180
180
180
180
180
180
180
180