214.93
214.59
213.94
212.62
211.74
211.72
211.51
212.98
212.12
213.45
211.53
212.79
212.25
213.56
211.93
211.36
212.51
217.77
217.55
215.38
214.58
215.45
213.08
224.12
222.58
209.89
231.95
197.67
215.5
218.79
230.83
211.56
224.74
217.01
217.51
213.47
216.25
217.08
219.83
216.55
222.87
216.49
213.93
227.34
213.31
219.77
212.3
213.46
215.82
213.45
217.05
217.31
217.77
216.4
217.65
218.2
215
213.19
217.3
216.23
217.45
217.39
219.63
216.52
215.17
214.21
212.59
210.16
214.15
218.12
222.68
226.35
219.11
198.89
230.3
215.77
221.02
217.5
209.03
215.96
217.97
212.43
212.7
212.83
216.03
217.48
180
180
180
180
180
180
180
180
180
180
180
180
180
180