262.9
260.73
260.61
261.38
261.7
260.87
260.79
260.7
261.04
259.54
260.35
258.7
258.99
259.28
259.73
259.15
262.05
262.81
257.21
272.58
260.73
264.84
267.48
258.15
262.88
251.33
254.74
263.08
262.17
263.17
261.92
259.06
268.17
259.87
273.03
270.13
267.51
267.38
266.34
262.62
263.18
262.57
260.53
259.1
257.92
265.49
267.3
265.22
260.43
262.54
265.48
266.5
257.93
279.28
275.45
255.29
275.48
274.54
252.83
255.63
255.51
267.28
259.24
266.18
266.6
261.07
260.12
263.31
270.04
266.91
264.68
264.35
263.5
264.57
264.56
180
180
180
180
180
180
180
180
180
180
180
180
180
180
180
180
180
180
180
180
180
180
180
180
180