212.96
214.65
216.28
218.26
218.11
217.25
216.7
216.34
217.55
217.71
215.84
216.37
217.32
217
219.02
219.07
230.97
208.81
207.12
225.9
219.08
214.96
215.52
220.65
218.87
218.51
233.65
212.34
211.23
228.45
225.52
211.68
214.42
217.27
219.5
218.85
222.16
222.42
224.61
217.66
213.72
214.72
217.66
221.27
219.55
219.95
220.07
219.37
220.18
217.91
215.35
225.65
228.76
216.46
213.7
216.82
211.9
208.11
216.88
207.59
228.24
215.67
213.19
219.66
208.58
208.87
217.24
214.8
213.29
224.28
216.63
217.58
219.84
222.47
217.57
216.6
211.65
180
180
180
=180
=180
180
180
180
180
180
180
180
180
180
180
180
180
180
180
180
180
180
180