269.62
269.02
265.78
263.09
267.51
265.24
263.25
262.07
260.52
262.73
259.59
259.62
262.9
261.67
258.31
260.02
261.49
264.03
267.27
269.94
254.33
272.33
265.81
272.31
273.76
262.25
244.28
275.57
263.86
266.52
267.57
263.29
261.43
262.12
271.23
262.06
264.76
275.09
272.07
271.41
271.78
271.83
268.73
270.03
265.76
259.62
263.62
268.92
269.74
269.85
266.33
265.17
266.94
263.71
261.17
269.57
272.13
273.02
272.14
260.6
261.75
271.11
263.22
258.12
279.44
252.03
296.1
258.64
285.32
269.33
273.45
272.23
266.13
267.2
279.88
276.02
275.35
271.9
271.38
271.7
271.57
=180
180
180
180
180
180
180
180
180
180
180
180
180
180
180
180
180
180
180