267.61
266.11
267.54
266.3
263.78
264.94
264.99
262.36
260.51
261.41
261.24
260.5
259.95
261.03
259.16
262.6
261.32
261.25
263.32
266.68
261.72
263.9
254.51
236.01
264.74
253.66
258.4
267
264.89
264.25
266.01
255.02
262.02
272.18
267.74
267.64
272.79
269.81
263.58
269.15
269.57
264.38
261.66
262.25
265.81
265.88
266.7
266.2
265.62
266.3
264.54
266.84
267.17
279.09
260.98
254.34
271.58
268.65
278.16
273.33
247.51
263.16
255.32
274.95
264.86
292.74
284.83
282.55
282.2
273.01
260.57
274.73
272.29
268.37
269.49
273.84
180
180
180
180
=180
=180
180
180
180
180
180
180
180
180
180
180
180
180
180
180
180
180
180
180