261.04
260.12
260.96
260.03
259.94
262.07
260.82
260.8
260.01
258.62
259.35
260.61
259.61
260.16
260.13
260.08
259.8
258.77
260.06
261.85
260.45
262.25
262.64
265.1
259.79
268.12
258.22
243.01
250.57
239.2
261.86
262.73
262.29
264.18
260.78
266.28
260.74
264.23
260.48
274.25
266.93
266.16
263.14
260.97
262
260.5
265.3
263.21
265.27
261.75
263.74
264.19
265.88
268.25
282.31
253.3
276.78
280.43
262.17
245.18
266.46
264.94
266.46
266.75
266.78
257.2
259.85
264.1
266.88
265.69
263.99
267.89
265.08
262.08
263.09
263.78
180
180
180
180
180
180
180
180
180
180
180
180
180
180
180
180
180
180
180
180
180
180
180
180