197.77
198.03
197.96
197.96
198.38
198.39
197.31
197.19
196.7
197.59
196.33
196.76
197.04
196.72
196.64
192.19
193.45
195.1
196.98
197.75
195.7
198
195.37
197.03
195.43
192.78
198.8
198.58
196.44
193.92
193.66
194.91
195.21
197.42
199.56
199.89
199.73
198.72
195.78
195.66
195.79
197.48
199.05
199
197.77
197.25
195.9
196.65
195.56
193.31
195.15
196.94
196.06
201.46
202.72
197.72
202.63
201.52
201.46
199.7
200.74
201.18
199.33
197.27
198.59
199.06
200.51
200.63
199.2
198.44
198.42
198.45
198.14
198.03
197.2
198.27
197.91
180
180
180
180
180
180
180
180
180
180
180
180
180
180
180
180
180
180
180
180
180
180
180