211.66
208.88
208.09
205.98
204.87
206.56
207.79
204.49
201.83
202.71
204.72
206.8
205.2
207.95
210.75
210.64
206.24
203.61
207.33
212.82
208.36
206.5
208.3
205.15
200.88
205.51
207.53
208.58
205.73
211.05
211.93
212.29
207.58
207.42
207.77
206.58
208.16
210.36
209.42
210.95
207.23
207.37
205.67
206.75
203.75
201.3
203.44
207.37
204.87
209.9
207.81
207.54
206.64
205.96
210.39
205.3
206.49
208.18
207.64
208.43
212.44
209.62
210.02
211.9
209.91
210.94
209.28
211.88
212.11
211.28
211.33
213.95
213.6
212.38
214.31
214.7
215.37
180
180
180
=180
=180
180
180
180
180
180
180
180
180
180
180
180
180
180
180
180
180
180
180