206.18
206.99
207.81
208.81
208.11
206.84
204.46
200.45
202.06
205.56
206.52
207.67
204.58
209.11
204.97
209.3
209.59
201.4
206.11
207.47
206.63
207.59
207.28
207.83
204.28
206.77
211.76
212.52
211.17
208.42
208.75
209.39
207.32
205.76
207.62
210.66
211.56
209.86
208.04
205.98
205.24
206.53
207.03
206.47
203.23
202.4
204.72
205.94
208.37
202.68
202.06
205.76
207.12
205.32
212.3
212.26
210.88
210.09
211.07
208.27
211.33
209.72
211.24
210.92
213.18
214.92
213.61
213.15
214.02
211.67
210.45
209.78
212.55
213.73
212.78
212.07
180
180
180
180
=180
=180
180
180
180
180
180
180
180
180
180
180
180
180
180
180
180
180
180
180