183.64
185.4
184.18
183.63
184.19
184.24
183.71
184.14
184.76
184.03
185.67
185.77
184.51
185.1
187.18
183.4
185.32
179.66
184.69
187.12
180.39
189.26
186.41
186.12
187.1
188.01
186.03
185.22
182.7
186.13
182.68
184.3
183.11
187.11
185.83
186.4
187.06
185.51
181.16
179.61
180.65
182.61
186.1
184.52
183.83
183.9
184.31
185.56
184.84
185.17
186.66
185.81
183.1
182.7
184.31
187.26
192.15
182.09
182.92
186.67
184.16
183.37
185.98
190.71
191.69
190.7
185.55
185.81
184.79
192.11
190.05
194.57
191.65
182.46
180.92
179.22
178.52
180
180
180
=180
=180
180
180
180
180
180
180
180
180
180
180
180
180
180
180
180
180
180
180