210
209.14
209.45
208.55
209.63
209.51
209.42
208.3
208.19
208.28
209.08
208.62
209.09
209.11
208.03
208.68
203.93
201.01
202.8
205.99
206.15
206.66
208.07
201.68
208.18
208.93
207.27
208.39
209.28
204.41
205.67
206.37
202.94
206.75
209.35
208.55
208.8
208.13
207.07
205.06
202.19
207.68
207.25
209.5
211.73
212.33
207.11
209.25
212.63
211.75
208.54
208.34
208.66
210.57
211.72
211.22
210.23
209.83
207.42
207.56
206.88
204.47
205.46
205.81
206.29
205.31
204.46
208.18
211.01
211.11
209.35
210.52
215.59
211.61
210.74
211.48
212.6
214.02
211.73
211.1
212.09
214.26
214.83
215.04
212.98
211.28
180
180
180
180
180
180
180
180
180
180
180
180
180
180