208.44
208.27
207.45
207.07
207.51
207.06
205.68
201.9
202.93
204.28
205.47
204.72
201.51
200.92
202.92
202.93
205.41
207.02
208.59
205.36
205.32
205.79
203.13
204.59
208.6
204.83
204.36
204.24
205.99
205.86
203.57
200.29
201.1
210.69
213.58
208.69
203.65
208.14
206.72
204.39
205.49
205.76
207.97
208.87
206.62
205.39
204.6
204.99
203.21
200.86
202.1
204.72
207.15
204.86
208.16
210.66
208.1
208.79
205.29
209.9
208.11
210.99
207.64
211.93
209.94
212.2
210.72
211.8
210.4
209.89
209.01
211.57
212.08
210.79
180
180
180
180
180
180
=180
=180
180
180
180
180
180
180
180
180
180
180
180
180
180
180
180
180
180
180