226.44
224.99
225.85
225.79
221.91
226.95
225.57
225.52
226.31
228.12
225.78
226.1
224.22
226.06
226.04
228.57
227.71
226.81
226.15
223.9
223.95
224.04
226.39
228.62
223.8
224.56
226.05
232.02
227.44
228.04
228.88
232.65
225.88
225.62
222.68
223.97
222.12
225.53
227.23
225.86
225.81
222.71
223.03
223.09
224.52
225
225.71
226.42
225.38
224.81
228.55
226.25
228.03
226.47
225.28
223.73
213.77
224.46
233.98
227.68
222.01
220.94
224.45
222.27
226.98
227.64
227.22
225.38
226.56
226.76
226.22
229.08
223.93
222.16
220.76
222.05
180
180
180
180
=180
=180
180
180
180
180
180
180
180
180
180
180
180
180
180
180
180
180
180
180