255.91
252.07
253.45
251.95
253.37
252.49
251.69
252.76
250.73
251.31
249.84
253.1
252.02
250.67
246.69
248.53
254.07
257.32
250.46
252.32
254.39
256.14
251.05
240.39
247.23
244.93
252.23
248.79
249.07
247.58
241.04
249.64
245.83
253.03
249.79
250.4
257.03
253.7
252.65
255.28
250.1
255.31
251.46
250.88
256.91
251.59
252.46
254.16
249.67
251.03
252.26
248.26
250.34
254.27
255.19
252.63
246.5
254.24
258.05
255.36
252.86
256.68
248.93
249.63
254.44
254.86
257.56
253.6
258.23
257.03
256.35
254.47
252.47
254.17
257.73
256.13
180
180
180
180
=180
=180
180
180
180
180
180
180
180
180
180
180
180
180
180
180
180
180
180
180