196.9
196.88
196.93
197.15
196.11
195
193.43
194.73
194.59
196.64
194.9
194.45
194.44
194.11
194.24
195.45
196.33
202.43
196.92
196.73
200.64
199.97
197.81
197.7
201.85
199.58
199.94
196.03
202.85
208.51
207.15
205.3
204.06
203.62
200.46
197.75
200.05
198.66
198.26
196.65
196.19
197.02
197.51
195.34
196.29
198.78
199.47
202.71
205.95
201.68
204.62
213.95
206.28
208.52
210.76
216.96
219.38
214.85
215.47
216.49
220.56
216.12
217.15
216.91
216.97
214.3
212.48
211.62
211.4
209.6
180
180
180
180
180
180
180
180
180
180
=180
=180
180
180
180
180
180
180
180
180
180
180
180
180
180
180
180
180
180
180