197.61
198.06
197
196.96
195.94
195.37
195
195.24
194.8
195.1
195.97
194.68
194.96
193.29
197.22
195.09
197.81
203.72
191.37
197.57
201.26
202.99
198.23
200.36
201.93
200.73
200.72
202.72
203.74
203.79
205.43
208.56
208.55
205.19
201.99
200.8
201.05
199.87
199.13
197.91
197.97
195.67
195.64
195.46
196.21
194.01
195.4
195.55
197.64
201.93
198.06
199.37
202.74
203.6
207.05
207.95
206.82
204.6
213.84
213.94
211.52
215.81
219.97
215.06
213.89
215.4
216.75
214.27
213.1
211.57
209.74
208.73
207.6
180
180
180
180
180
180
180
180
180
180
180
180
180
180
180
180
180
180
180
180
180
180
180
180
180
180
180