201.5
201.34
202.68
202.62
202.6
202.71
203.12
202.14
201.48
200.65
200.78
200.43
201.08
201.53
201.48
200.98
201.09
201.21
201.26
200.65
200.12
199.36
199.86
200.25
199.73
199.22
199.78
199.2
199.67
198.93
197.38
199.05
199.21
200.69
200.38
200.2
200.03
199.77
200.41
198.43
199.02
198.8
199.98
199.49
200.08
200.42
199.29
200.05
198.99
199.53
200.2
200
200.74
199.88
201.08
200.61
200.34
200.71
199.95
200.41
200.65
200.95
199.58
200.91
199.3
200.17
200.23
200.23
199.71
200.12
200.09
200.26
200.76
200.15
201.55
200.92
200.8
200.25
201.17
200.95
201.03
201.76
201.69
201.49
201.5
180
180
180
180
180
180
180
180
180
180
180
180
180
180
180



















































































