191.13
191.44
191.27
191.98
191.8
192.51
191.93
191.49
190.85
190.09
190.02
190.21
190.39
191.05
190.93
190.62
190.92
190.69
190.91
190.43
189.92
189.78
190.14
189.22
188.79
187.84
189.52
189.14
189.17
188.53
189.85
189.34
189.64
190.85
190.62
190.17
189.13
189.45
190.78
187.14
188.91
189.3
189.36
188.62
190.17
189.74
189.08
189.9
188.22
189.13
189.5
189.55
189.58
189.61
190.56
189.8
189.58
190.11
189.26
190.61
189.83
190.62
189.83
190.46
189.82
189.57
189.01
188.25
188.34
188.73
188.67
189.36
189.04
188.8
189.59
190.23
189.7
190.16
190.01
190.09
190.14
190.16
188.66
189.57
190.19
180
180
180
180
180
180
180
180
180
180
180
180
180
180
180



















































































