190.28
188.19
186.71
187.05
185.55
185.44
184.77
183.95
183.87
183.63
184.87
185.14
184.61
184.95
185.8
185.7
185.03
185.23
187.93
190.08
190.84
191.74
192.19
193
194.6
195.09
197.39
201.54
208.89
204.49
209.51
209.67
210.92
210.32
215.26
218.26
216.8
214.09
217.58
224.45
229.39
226.74
224.39
222.67
223.06
224.7
224.11
224.58
224.68
223.58
224.96
222.19
226.3
225.61
225.65
224.98
225.07
223.27
226.29
226.18
226.72
228.46
222.49
224.02
225.39
214.86
215.74
213.35
212.34
211.11
208.62
206.5
204.73
204.07
202.28
201.52
197.61
194.41
191.41
191.04
189.31
189.56
188.29
184.58
184.62
180
180
180
180
180
180
180
180
180
180
180
180
180
180
180



















































































