202.86
203.3
199.99
199.85
202.96
203.92
206.62
212.66
215.45
206.64
205.82
197.84
202.22
203.58
192.84
190.59
199.26
206.68
189.99
204.23
195.57
193.66
212.44
191.35
190.7
201.29
205
185.56
185.47
210.33
192.93
190.1
192.74
183.11
186.16
190.62
187.77
187.62
195.09
196.27
210.86
219.98
206.4
196.93
215.17
207.73
208.61
197.72
211.34
208.42
190.9
199.06
200.75
203.05
204.06
180
180
180
180
180
180
180
180
180
180
180
180
180
180
180
180
180
180
180
180
180
180
180
180
180
180
180
180
180
180
180
180
180
180
180
180
180
180
180
180
180
180
180
180
180