195.12
194.97
194.97
195.53
196.67
198.9
204.86
207.07
205.24
213.42
222.24
220.08
245.43
235.97
232.87
252.61
219.94
243.14
257.6
249.73
252.3
249.68
244.14
228.95
254.72
250.49
246.31
231.19
235.35
245.07
203.22
233.13
243.03
258
261.55
250.14
257.55
264.99
258.39
248.59
246.74
260.72
216.39
209.62
215.73
211.26
209.04
208.57
213.12
208.88
205.98
201.18
201.45
202.23
201.53
200.51
200.65
201.09
180
180
180
180
180
180
180
180
180
180
180
180
180
180
180
180
180
180
180
180
180
180
180
180
180
180
180
180
180
180
180
180
180
180
180
180
180
180
180
180
180
180