204.41
204.85
206.61
209.73
209.27
213.82
226.85
228.52
233.85
232.3
254.46
257.12
244.49
257.19
256.7
253.23
251.59
252.94
241.15
234.73
180.41
227.97
188.35
202.44
222.4
175.99
180.93
214.64
188
168
193.95
203.44
221.87
219.49
215.79
218.17
229.22
238.14
251.84
255.56
255.13
255.35
242.83
239.81
225.53
219.86
224.62
207.23
209.72
198.99
196.85
203.82
201.21
202.4
180
180
180
180
180
180
180
180
180
180
180
180
180
180
180
180
180
180
180
180
180
180
180
180
180
180
180
180
180
180
180
180
180
180
180
180
180
180
180
180
180
180
180
180
180
180