151.36
151.73
150.75
151.23
148.04
142.96
152.67
156.03
162.46
149.39
153
159.51
159.57
156.36
158.4
155.07
155.44
160.19
163.21
159.21
164.14
155.07
152.76
158.81
165.14
156.88
153.97
154.54
158.9
162.37
154.57
152.05
147.47
154.3
149.81
152.05
155.81
153
149.13
150.95
150.5
153.35
150.05
153.85
150.72
151
180
180
180
180
180
180
180
180
180
180
180
180
180
180
180
180
180
180
180
180
180
180
180
180
180
180
180
180
180
180
180
180
180
180
180
180
180
180
180
180
180
180
180
180
180
180
180
180
180
180
180
180
180
180