157.7
158.42
158.32
158.21
158.69
158.75
158.77
158.62
158.5
158.55
158.77
159.39
159.5
158.71
159.31
160.46
161.24
162.2
157.65
153.96
151.19
152.96
154.75
154.92
156.63
155.76
156.66
156
156.32
156.35
156.77
156.56
156.68
156.16
156.83
157.29
156.06
158.17
151.46
158.28
162.07
162.63
156.73
155.61
155.8
156.52
153.81
150.98
151.93
154.74
148.88
154.15
155.22
153.79
156.4
155.31
159.85
154.7
167.27
160.72
157.83
153.58
167.96
153.81
149.34
163.03
159.36
150.15
155.36
160.4
160.9
151.99
152.01
154.34
144.3
154
148.38
151.27
151.18
149.26
148.12
145.94
148.29
156.81
155.08
155.07
156.55
155.04
157.14
157.62
156.82
180
180
180
180
180
180
180
180
180