165.31
165.23
166.45
164.62
165.99
159.36
165.95
156.47
147.28
124.82
173.06
170.06
101.61
176.78
121.81
142.63
135.77
40.17
49.64
104
74.6
42.08
36.18
34.77
30.21
45.67
31.53
79.2
38.58
38.03
41.38
35.99
45.01
50.23
50.02
67.8
68.88
69.92
98.04
110.4
140.95
171.72
142.54
128.24
161.48
154.51
149.14
154.92
157.45
160.68
157.8
157.26
159.94
180
180
180
180
180
180
180
180
180
180
180
180
180
180
180
180
180
180
180
180
180
180
180
180
180
180
180
180
180
180
180
180
180
180
180
180
180
180
180
180
180
180
180
180
180
180
180