194.96
194.75
196.88
195.85
195.84
194.77
197.04
198.1
193
193.1
199.23
187.4
190.9
188.98
201.23
197.15
190.28
190.39
199.58
191.11
181.76
189.09
199.56
198
192.61
194.08
191.19
187.55
192.7
192.64
191.64
191.21
189.31
190.05
195.9
198.98
195
203.6
193.97
205.27
195.3
196.99
195.44
196.24
198.76
192.97
194.7
197.64
194.46
196.75
196.63
196.67
199.65
195.47
195.29
193.61
192.88
194.53
194.5
196.39
195.53
194.97
194.65
180
180
180
180
180
180
180
180
180
180
180
180
180
180
180
180
180
180
180
180
180
180
180
180
180
180
180
180
180
180
180
180
180
180
180
180
180