197.04
198.95
198
197.91
198.31
199.02
199.64
203.85
191.46
184.04
197.97
185.08
179.45
185.65
195.39
188.63
195.14
192.65
187.32
182.4
191.05
178.19
180.01
188.86
183.84
184.63
177.58
177.8
181.24
180.25
187.46
184.63
179.93
170.47
184.38
188.68
185.29
209.59
198.93
192.57
195.9
194.42
204.54
197.75
201.14
197.29
200.08
203.9
198.39
204.93
202.45
199.68
200.86
204.17
202
200.93
202.04
201.9
197.53
197.11
194.29
180
180
180
180
180
180
180
180
180
180
180
180
180
180
180
180
180
180
180
180
180
180
180
180
180
180
180
180
180
180
180
180
180
180
180
180
180
180
180