192.33
195.51
193.75
193.36
194.6
192.18
190.62
192.78
195.34
197.82
202.7
218.76
213.36
210.53
243.17
245.2
213.54
233.72
235.33
230.16
242.21
240.07
242.09
250.07
245.71
249.21
250.52
249.7
267.67
253.26
256.33
259.3
268.18
266.74
268.81
261.1
263
263.32
262.66
268.18
265.48
266.81
264.3
267.66
262.64
268.75
255.2
255.6
261.85
253.17
245.45
242.01
246.78
236.22
232.3
234.81
219.9
230.92
210.06
207.5
202.37
199.83
196.74
198.24
193.85
196.4
196.16
191.05
192.36
193.34
193.35
180
180
180
180
180
180
180
180
180
180
180
180
180
180
180
180
180
180
180
180
180
180
180
180
180
180
180
180
180
