179.49
181.58
180.7
180.93
180.64
181.11
177.78
179.78
178.54
185.48
177.63
176.77
182.53
182.31
177.92
176.2
180.31
179.8
175.12
172.73
178.2
164
165.66
170.7
161.81
166.9
183.32
177.13
179.84
170.94
182.17
182
186.21
153.31
184.93
184.96
166.48
178.08
188.76
184.04
173.94
182.02
179.87
177.71
176.89
183.67
188.51
188.12
184.9
184.23
184.72
186.53
183.86
184.75
185.9
183.96
165.01
167.79
194.63
174.69
176.14
172.26
186.12
176.92
164.58
173.92
174.54
175.52
169.61
173.01
170.54
170.64
173.65
174.34
176.79
176.07
169.97
173.55
174.49
171.46
171.21
174.83
180
180
180
180
180
180
180
180
180
180
180
180
180
180
180
180
180
180

