165.25
167.11
165.78
166.48
167.24
166.9
162.46
164.06
161.01
174.3
159.42
161.2
167.82
168.7
162.7
155.51
166.86
168.33
164.51
154.88
166.53
125.12
141.99
162.92
147.8
130.62
145.16
149.66
57.85
143.01
140.17
59.02
120.18
60.94
54.32
27.67
58.89
52.48
46
28.07
34.9
43.78
27.39
27.35
33.99
31.47
30.84
28.79
34.3
33.5
23.49
33.42
34.79
41.05
74.01
50.41
64.24
54.69
83.67
146.59
140.7
122.18
145.43
165.57
199.36
145.71
160.61
155.25
159.49
149.79
151.28
150.04
155.14
158.81
167.07
159.5
159.12
163.25
163.11
157.96
162.2
159.74
180
180
180
180
180
180
180
180
180
180
180
180
180
180
180
180
180
180

