188.68
189.72
193.86
193.64
194.06
194.6
193.58
193.54
193.37
190.78
188.18
184.62
175.37
174.07
175.82
175.77
178.99
187.6
205.2
188.53
179.12
183.02
157
155.14
166.56
166.44
177.01
156.64
156
158.27
146.01
144.8
144.34
144.93
156.25
123.36
127.28
121.28
114.32
116.24
111.81
114.08
112.65
108.16
110.34
115.82
112.43
107.99
107.9
108.4
106.66
107.02
109.7
111.92
115
118.99
119.83
134.23
133.91
137.88
161.21
157.06
153.62
164.32
165.56
163.12
168.15
169.93
167.46
168.83
173.21
169.37
177.88
186.53
182.68
155.86
176.65
186.53
187.04
185.24
184.59
190.35
189.18
186.6
187.48
186.95
188.72
185.88
188.16
190.16
190.15
180
180
180
180
180
180
180
180
180

