194.1
193.39
193.42
194.64
195.68
195.78
196.94
196.02
197.55
199.38
202.89
212.5
215.32
214.88
238.2
223
225.48
232.77
241.6
262.57
249.31
257.79
256.34
258.88
248.84
260.44
252.96
258.25
239.72
257.27
258.48
249.97
253.1
247.34
251.2
249.62
242.54
245.05
245.98
243.56
245.63
244.86
241.75
240.54
243.3
243.71
252.35
255.18
259.38
264.2
264.49
255.61
256.05
251.76
245.11
246.85
240.69
241.77
235.06
222.63
224.81
215.33
213.72
216.22
209.08
212
207.8
205.13
202.83
197.6
197.13
195.26
195.34
192.93
195.88
193.72
194.33
190.46
190.22
180
180
180
180
180
180
180
180
180
180
180
180
180
180
180
180
180
180
180
180
180

