214.87
214.61
213.48
214.86
216.71
217.21
216.6
220.88
220.53
219.48
222.38
224.03
234.49
232.21
239.17
244.36
236.19
239.37
256.14
228.55
240.83
249.32
232.96
230.15
243.25
237.95
237.04
241.69
218.08
231.85
235.36
224.67
227.75
223.41
227.26
227.68
221.6
224.85
223.03
223.59
225.26
224.59
220.6
221.41
222.22
223.78
231.09
230.53
236.73
245.98
248.12
238.64
238.71
262.59
246.51
246.43
249.43
247.98
235.68
242.28
242.51
247.65
237.51
239.07
233.84
237.48
227.59
228.18
229.12
224.77
222.18
221.31
220.46
219.61
215.76
216.94
216.16
215.82
213.75
180
180
180
180
180
180
180
180
180
180
180
180
180
180
180
180
180
180
180
180
180

