187.05
167.12
183.94
160.59
173.83
173.23
172.33
176.51
176.35
171.83
172.74
173.31
173.56
174.98
176.84
175.73
174.65
172.84
173.2
172.63
167.88
181.48
174.1
180.39
174.37
174.44
168.96
171.73
165.66
160.31
168.87
180.35
177.66
170.09
156.72
159.94
304.09
168.5
187.65
138.89
255.25
302.69
240.05
179.67
347.59
332.4
327.13
333.65
336.56
327.74
329.33
320.35
324.99
324.55
315.45
310.46
317.79
318.68
325.02
325.34
313.41
280.1
199.15
289.04
192.18
160.25
290
45.51
189.48
181.01
168.5
184.34
166.86
197.02
179.9
178.61
175.19
183.68
171.09
166.8
175.55
176.97
177.53
176.9
173.6
168.38
172.68
183.38
177.55
173.29
170.33
180
180
180
180
180
180
180
180
180
