218.68
218.41
218.27
217.65
219.95
219.72
219.28
221.45
218
221.89
216.06
218.93
220.09
216.91
222.23
220.44
224.82
225.39
225.14
225.38
219.84
221.38
222.27
220.38
218.7
223.89
221
220.47
219.67
230.03
217.73
223.02
222.17
216.93
220.63
215.06
221.82
216.63
218.2
221.41
220.43
222.04
220.68
218.65
219.19
218.27
180
180
180
180
180
180
180
180
180
180
180
180
180
180
180
180
180
180
180
180
180
180
180
180
180
180
180
180
180
180
180
180
180
180
180
180
180
180
180
180
180
180
180
180
180
180
180
180
180
180
180
180
180
180