231.25
231.17
231.19
231.51
231.37
231.21
231
231.47
231.13
232.39
230.75
234.54
232.77
237.64
232.69
228.51
232.17
233.92
234.11
230.04
231.86
229.4
229.43
231.8
232.56
230.75
230.85
228.87
227.55
230.53
228.21
230.75
229.17
226.33
229.53
226.44
238.46
222.99
221.91
223.03
229.94
238.57
229.64
226.14
233.77
236.87
232.3
228.29
229.99
228.72
229.59
230.6
224.41
225.93
230.93
230.84
231.12
231.1
230.9
230.58
231.01
231.3
180
180
180
180
180
180
180
180
180
180
180
180
180
180
180
180
180
180
180
180
180
180
180
180
180
180
180
180
180
180
180
180
180
180
180
180
180
180