174.11
174.38
174.34
176.02
175.35
173.74
174.94
176.76
173.57
173.13
172.24
167.12
157.94
159.11
156.13
155.51
153.99
154.64
155.5
152.78
154.77
153.25
149.53
151.85
148.78
147.72
146.11
150.26
148.24
149.5
152.48
148.04
149.49
154.44
149.67
149.76
152.03
155.06
156.95
153.98
151.08
148.5
148.79
154.47
157.84
147.73
142.83
148.62
157.86
155.39
149.33
145.18
152.35
154.54
150.42
149.23
163.67
165.54
166.36
164.83
159.36
164.83
170.34
170.71
166.94
167.32
168.34
176.56
177.87
175.55
179.66
179.14
180.74
181.09
180
180
180
180
180
180
180
180
180
180
180
180
180
180
180
180
180
180
180
180
180
180
180
180
180
180

