165.11
157.56
154.94
161.78
162.95
160.91
161.07
164.58
164.5
163.27
163.72
164.55
164.98
164.06
163.47
164.57
164.05
164.13
164.92
164.15
163.33
162.8
164.95
172.01
172.89
175.48
173.51
170.71
174.91
178.08
178.47
182.43
172.61
173.48
173.1
172.65
171.41
166.46
160.75
178.04
175.81
176.17
178.48
176.61
178.73
177.83
174.49
177.2
180.45
179.24
180.88
180.57
181.32
177.44
182.69
183.53
183.44
180.95
187.03
188.54
184.24
179.33
181.13
185.4
184.26
183.26
185.6
185.73
186.07
181.14
167.5
181.82
179.78
172.77
172.64
162.73
159.34
157.09
156
152.82
153.89
154.14
147.84
157.22
155.59
158.56
153.45
153.18
158.68
160.84
154.52
157.44
161.14
157.27
180
180
180
180
180
180



















