170.03
148.97
178.04
173.65
171.28
173.72
172.87
172.27
172.77
173.51
172.9
173.44
172.43
172.72
173.51
172.65
172.4
172.43
171.37
168.75
169.31
172.11
174.46
176.56
169.75
178.24
171.59
168.11
163.63
158.66
164.37
163.58
163.44
170.26
169.28
168.1
166.33
162.27
165.15
163.24
157.7
165.32
168.1
162.38
164
156.43
158.03
161.32
163.02
165.03
164.26
164.73
163.36
163.75
164.49
161.76
164.08
159.86
159.7
159.97
163.6
166.26
165.03
161.73
164.36
163.92
163.44
162.59
157.38
159.71
163.9
162.5
161.58
154.71
152.29
167.69
159.01
162.56
165.65
166.72
158.95
171.24
171.7
168.24
169.02
167.86
175.6
167.36
167.45
164.89
171.25
174.04
171.16
183.36
180
180
180
180
180
180



















