246.08
247.57
248.74
249.73
251.05
248.48
245.76
250.13
250.31
248.33
248.38
253.86
250.88
250.08
251.16
244.54
254.44
251.17
252.53
263.32
245.75
246.14
260.63
272.32
271.73
256
279.83
267.98
282.28
273.54
261.38
283.78
263.68
272.28
279.58
278.96
282.78
271.48
270.74
279.52
259.59
262.72
251.45
284.51
250.91
237.97
279.07
265
251.81
251.26
243.67
242.04
245.24
245.51
245.56
247.24
245.24
242.38
247.6
180
180
180
180
180
180
180
180
180
180
180
180
180
180
180
180
180
180
180
180
180
180
180
180
180
180
180
180
180
180
180
180
180
180
180
180
180
180
180
180
180