235.17
234.88
233.83
233.89
235.31
234.99
235.46
234.68
233.81
233.26
233.37
233.49
234.81
234.07
232.38
236.33
235.51
236.48
234.99
228.96
228.8
237.94
240.47
236.67
238.54
230.99
237.02
242
239.43
212.84
227.07
236.42
228.97
231.79
233.37
233.58
225.35
227.71
228.31
236.02
219.23
226.43
236.57
235.57
242.25
243.38
240.98
235.93
235.84
237.72
230.12
239.1
238.6
237.54
234.38
233.62
234.77
236.82
236.87
231.29
180
180
180
180
180
180
180
180
180
180
180
180
180
180
180
180
180
180
180
180
180
180
180
180
180
180
180
180
180
180
180
180
180
180
180
180
180
180
180
180