236.14
235.49
235.25
235.32
235.18
236.29
233.38
232.87
234.29
234.58
232.77
235.59
226.23
232.19
234.34
234.34
232.09
233.29
234.45
235.39
234.01
233.22
234.96
232.43
235.18
230.16
230.18
231.27
235.1
235.52
231.94
230.19
240.65
236.78
243.29
229.85
233.32
229.89
225.32
223.64
237.73
236.41
231.99
230.34
234.15
229.21
232.07
233.52
230.73
228.51
229.66
231.56
231.59
235.69
221.22
228.99
232
233.51
234.38
232.67
233.04
234.4
233.28
233.74
233.15
233.93
180
180
180
180
180
180
180
180
180
180
180
180
180
180
180
180
180
180
180
180
180
180
180
180
180
180
180
180
180
180
180
180
180
180