224.99
225.88
224.54
225.44
224.87
225.41
224.38
227.36
227.63
224.51
224.53
227.04
223.86
225.8
224.7
225.56
230
223.9
220.53
223.76
218.96
219.79
216.02
221.91
218.99
217.26
231.42
229.78
235.72
218.75
234.26
247.22
230.66
220.42
231.02
210.06
241.71
228.07
218.53
214.62
230.13
213.01
232.25
208.92
214.87
230.98
223.11
222.83
223.53
235.37
249.36
239.47
231.69
225.93
223.49
225.9
228.36
228
229.75
229.86
180
180
180
180
180
180
180
180
180
180
180
180
180
180
180
180
180
180
180
180
180
180
180
180
180
180
180
180
180
180
180
180
180
180
180
180
180
180
180
180