224.03
223.56
224.16
224.8
225.06
225.28
225.21
224.25
224.04
223.91
223.63
223.3
224.35
226.19
226.94
225.34
223.44
228.67
211.91
224.67
214.06
226.54
225.52
225.86
200.38
223.16
243.84
228.22
243.53
221.74
227.69
228.26
232.63
228.67
218.58
215.64
233.18
241.57
233.43
228.22
209.18
214.87
236.78
222.67
199.94
214.35
232.89
235.88
214.87
223.5
218.83
238.42
228
234.12
224.73
229.22
230.66
229.03
225.88
220.72
220.38
180
180
180
180
180
180
180
180
180
180
180
180
180
180
180
180
180
180
180
180
180
180
180
180
180
180
180
180
180
180
180
180
180
180
180
180
180
180
180