274.09
272.77
275.54
275.17
275.75
277.01
277.06
275.88
277.14
277.36
277.12
276.64
274.7
271.6
274.09
278.87
276.76
277.21
267.05
291
295.24
257.97
266.14
287.97
267.57
282.9
285.81
278.53
286.29
272.54
295.97
248.95
288.79
294.33
288.64
265.32
261.98
268.26
284.24
290.48
282.58
280.03
282.16
266.66
269.48
180
180
180
180
180
180
180
180
180
180
180
180
180
180
180
180
180
180
180
180
180
180
180
180
180
180
180
180
180
180
180
180
180
180
180
180
180
180
180
180
180
180
180
180
180
180
180
180
180
180
180
180
180
180
180