224.8
223.03
223.83
223.18
222.37
222.81
223.28
223.92
223.63
225.24
220.11
222.63
224.18
223.78
214.53
212.24
210.17
241.56
215.58
228.28
225.6
240.64
227.79
221.12
220.17
213.97
236.66
229.62
221.42
225
216.98
225.46
221.25
232.3
244.86
216.96
218.4
210.66
215.56
222.74
209.68
225.49
208.06
257.55
195.85
202.98
222.65
227.7
227.02
217.02
234.87
200.98
251.66
223.47
230.29
228.33
226.52
228.97
227.89
226.48
226.44
223.73
222.85
224.53
225.83
180
180
180
180
180
180
180
180
180
180
180
180
180
180
180
180
180
180
180
180
180
180
180
180
180
180
180
180
180
180
180
180
180
180
180