212.26
220.39
214.62
215.49
218.87
217.46
217.76
218.11
217.4
216.22
217.42
220.98
219.89
218.66
221.94
222.92
220.36
216.65
211.62
222.66
227.16
214.08
208.81
219.58
222.62
226.73
210.03
216.91
214.84
215.43
217.54
217.72
210.68
206.47
220.54
213
217.44
216.57
216.7
215.44
215.79
216.17
215.73
215.83
180
180
180
180
180
180
180
180
180
180
180
180
180
180
180
180
180
180
180
180
180
180
180
180
180
180
180
180
180
180
180
180
180
180
180
180
180
180
180
180
180
180
180
180
180
180
180
180
180
180
180
180
180
180
180
180