270.28
268.98
271.47
273.47
272.8
273.33
269.59
262.91
258.78
264.72
268.78
271.09
273.58
269.26
266
269.56
277.07
277.72
277.41
281.15
274.1
269.26
272.94
272.79
271.33
269.34
258.99
277.23
273.41
278.94
278.26
284.99
262.89
282.5
290.27
272.95
260.53
295.03
282.9
280.06
276.68
272.14
333.6
298.7
292.73
278.84
279.7
297.13
285.66
284.87
300.17
255.61
307.29
287.17
282.98
264.42
278.08
278.54
277.22
273.89
180
180
180
180
180
180
180
180
180
180
180
180
180
180
180
180
180
180
180
180
180
180
180
180
180
180
180
180
180
180
180
180
180
180
180
180
180
180
180
180