212.76
211.12
206.74
205.76
205.4
207.74
208.14
211.59
212.6
206.43
200.95
196.23
200.28
208.93
208.52
205.19
204.16
204.23
203.5
204.73
205.75
206.1
204.89
203.35
203.96
195.08
204.4
203.63
206.29
207.38
203.96
203.69
200.45
207.55
200.82
207.5
206.8
210
209.69
205.08
206.72
207.78
205.5
209.58
209.52
213.03
210.93
207.98
206.5
207.23
209.87
211.4
204.51
204.09
200.74
202.57
199.15
194.19
197.91
198.81
199.06
180
180
180
180
180
180
180
180
180
180
180
180
180
180
180
180
180
180
180
180
180
180
180
180
180
180
180
180
180
180
180
180
180
180
180
180
180
180
180