191.78
190.5
190.87
192.31
191.12
192.26
193
191.76
191.41
192.31
191.73
192.74
193.14
193.32
192.89
193.37
193.58
192.28
189.51
189.57
202.52
202.82
195.63
195.97
193.82
192.47
195.7
192.36
193.96
199
198.38
198.68
194.49
189.65
187.69
191.85
193.18
192.77
191.93
190.48
193.77
192.96
191.07
194.13
196.35
180
180
180
180
180
180
180
180
180
180
180
180
180
180
180
180
180
180
180
180
180
180
180
180
180
180
180
180
180
180
180
180
180
180
180
180
180
180
180
180
180
180
180
180
180
180
180
180
180
180
180
180
180
180
180