197.51
199.1
199.55
198.31
199.13
196.8
200.94
202.36
203.5
200.31
198.76
200.43
202.8
201.81
201.3
202.5
201.73
199.83
196.91
197.29
198.26
202.36
197.65
196.12
196.84
198.4
201.11
198.04
199.03
201.05
198.13
196.31
199.75
199.21
199.1
198.17
199.23
198.55
198.75
198.99
198.55
180
180
180
180
180
180
180
180
180
180
180
180
180
180
180
180
180
180
180
180
180
180
180
180
180
180
180
180
180
180
180
180
180
180
180
180
180
180
180
180
180
180
180
180
180
180
180
180
180
180
180
180
180
180
180
180
180
180
180