224.94
222
221.07
217.22
220.24
222.18
223.27
223.15
222.89
222.51
221.95
222.36
224.12
222.16
221.44
221.34
222.3
223.31
228.66
227.54
225.67
216.87
223.41
224.36
228.21
228.96
222.46
225.31
224.65
226.09
226.29
229.33
225.91
230.17
225.62
216.29
214.65
214
229.74
222.93
212.86
210.89
226.28
220.16
216.16
222.27
226.8
227.84
228.03
230.86
226.24
225.78
223.97
180
180
180
180
180
180
180
180
180
180
180
180
180
180
180
180
180
180
180
180
180
180
180
180
180
180
180
180
180
180
180
180
180
180
180
180
180
180
180
180
180
180
180
180
180
180
180