139.6
139.77
140.33
142.39
143.55
141.56
139.92
139.87
139.39
140.75
140.69
138.45
136.62
135.98
139.76
140.7
140.54
136.79
140.1
137.61
136.57
139.56
142.69
141.09
143.3
142.33
142.51
141.35
142.55
138
136.09
137.68
133.49
136.12
140
143.13
141.94
155.92
132.26
139.17
140.72
144.31
135.54
135.83
135.69
141.5
137.09
142.02
134.57
137.5
180
180
180
180
180
180
180
180
180
180
180
180
180
180
180
180
180
180
180
180
180
180
180
180
180
180
180
180
180
180
180
180
180
180
180
180
180
180
180
180
180
180
180
180
180
180
180
180
180
180