187.83
186.94
187.53
187.38
187.03
187.09
186.87
187.78
187.57
187.33
187.44
187.7
188.57
188.62
186.34
188.26
187.32
188.48
189.01
184.43
187.6
188.83
187.38
189.77
186.83
193.25
194.88
196.46
197.73
198.46
200.01
200.6
197.93
207.64
210.42
210.98
205.45
193.26
209.58
197.05
201.91
198
199.94
189.26
191.47
191.77
191.22
187.65
188.37
185.1
183.62
184.84
186.65
180
180
180
180
180
180
180
180
180
180
180
180
180
180
180
180
180
180
180
180
180
180
180
180
180
180
180
180
180
180
180
180
180
180
180
180
180
180
180
180
180
180
180
180
180
180
180