131.8
130.7
130.21
131.1
131.64
133.08
131.21
131.77
132.51
132.85
132.42
131.73
132.16
132.04
132.29
134.5
135.54
135.84
137.62
135.2
133.72
137.14
131.64
133.28
133.43
133.49
133.19
130.83
132
132.13
133.55
133.53
131.54
133.07
132.62
131.72
131.13
131.47
133.57
138.54
139.45
135.92
131.05
123.74
138.27
128.91
133.02
125.07
131.78
123.14
124.43
133.95
130.64
128.09
124.87
140.7
136.93
129.97
140.9
130.83
152.31
139.05
144.02
127.34
143.63
139.73
126.82
129.38
130.69
115.54
122.54
120.76
126.93
126.46
127.92
132.2
136.77
138.38
139.12
180
180
180
180
180
180
180
180
180
180
180
180
180
180
180
180
180
180
180
180
180