186.9
188.44
189.23
190.26
189.32
189.25
187.88
187.07
188.11
187.05
187.52
186.1
188.84
187.85
188.09
187.3
188.52
186.98
187.85
188.28
187.45
189.29
191.04
192.24
188.88
191.64
189.04
188.5
188.91
190.29
190.37
189.18
191.26
194.06
193.86
192.23
191.09
190.8
188.94
190.76
190.58
194.17
190.23
189.1
191.9
191.94
188.93
193.39
191.52
190.56
194.47
192.38
191.53
194.97
192.77
192.36
190.47
192.94
191.97
195.86
186.09
185.45
189.99
188.46
185.76
185.36
191.01
187.28
187.8
187.18
190.07
190.66
188.02
188.8
186.72
187
186.47
186.07
186.01
187.47
186.63
186.22
186.68
184.87
180
180
180
180
180
180
180
180
180
180
180
180
180
180
180
180



















































































