160.62
160.27
161.75
162.7
162.72
161.56
161.75
161.37
161.97
161.67
162.5
161.27
160.23
162.3
162.08
162.35
160.93
160.74
161.26
162.6
162.64
163.58
163.29
164.73
164.61
162.51
162.53
162.03
163.05
162.34
162.58
163.2
162.47
166.05
162.83
163.78
163.3
163.07
161.28
163.83
163.82
163.27
164.14
163.74
163.02
165.86
164.64
163.1
164.17
160.49
166.13
164.91
165.68
162.33
164.03
163.25
163.47
164.69
164.21
166.02
167.02
159.81
160.54
162.37
164.22
156.81
160.38
159.24
158.44
161.35
160.86
161.4
160.79
159.71
160.06
161
160.71
159.69
159.83
159.75
160.16
158.75
159.14
160.11
180
180
180
180
180
180
180
180
180
180
180
180
180
180
180
180



















































































