179.66
179.95
180.19
181.8
183.37
183.73
182.84
183.61
185.19
184.95
182.27
173.5
183.01
186.3
186.58
191.13
179.84
184.01
180.65
183.13
184.34
185.27
181.46
178.2
181.93
181.17
182.96
185.31
171.54
177.35
179.26
178.4
180.33
168.23
172.35
172.39
172.64
177.39
185.24
173.03
175.96
174.31
173.94
174.42
175.4
176.43
175.84
174.93
179.78
181.42
179.04
182.55
183.4
179.85
182.22
184.43
182.17
182.78
186.49
185.01
184.65
184.01
184.8
183.82
183.87
180.05
184.35
184.58
181
178.45
180.76
181.73
179.82
177
176.1
175.27
177.98
176.83
178.39
178.03
180
180
180
180
180
180
180
180
180
180
180
180
180
180
180
180
180
180
180
180

