195.01
195.31
194.39
194.23
194.37
191.37
192.26
190.83
190.04
194.64
189.2
189.03
194.87
184.73
191.9
187.03
181.33
188.84
185.09
186.85
188.03
183.56
160.89
177.61
197.22
173.04
182.12
180.36
181.18
179.64
181.74
179.3
166.48
160.22
172.15
170.97
172.35
172.16
168.97
175.72
172
171.49
171.42
174.44
175.18
178.72
171.87
171.47
174.55
173.02
174.12
175.33
174.43
177.81
175.77
174.35
174.38
174.71
170.05
176.37
179.81
181.28
173.81
167.86
177.15
178.01
186.96
187.43
180.33
172.97
192.26
195.87
192.59
203.43
190.71
190.02
192.3
194.57
191.44
186.95
189.46
192.42
191.28
192.88
197.2
190.61
190.71
188.91
191.57
190.53
189.1
192.73
192.73
194.66
180
180
180
180
180
180



















