173.7
173.37
173.81
174
173.48
173.81
173.11
174.01
172
173.15
173.7
174.71
173.64
173.81
173.8
173.29
172.99
173.44
173.2
173.18
173.89
173.56
173.2
172.44
173.75
171.96
173.45
173.78
172.5
175.33
172.49
170.74
170.75
173.56
174.44
171.04
169.84
172.67
176.38
172.08
167.41
165.17
158.07
169.1
167.9
175.89
141.95
163.38
158.93
159.05
142.75
83.56
44.39
57.79
55.11
32.95
46.9
38.74
27.62
30.21
25.95
20.13
27.1
28.23
31.42
28.1
28.56
31.37
26.82
33.45
25.34
27.14
27.47
23.05
25.95
25.14
25.7
28.83
23.72
29.53
26.9
23.79
30.61
23.22
28.76
25.08
27.92
23.97
25.75
23.39
21.98
27.99
26.42
24.31
24.94
26.3
25.28
21.58
22.62
24.44
25.47
21.96
33.81
33.36
31.87
47.19
11.27
16.9
119.78
157.75
175.12
166.9
166.87
167.21
168.03
167.18
167.07
167.05
167.54
167.09
166.03
166.9
166.9
165.19
164.58
166.36
167.32
164
164.97
166.76
166.1
165.5
163.26
165.55
168.86
165.26
166.92
165.52
165.18
166.71
166.37
166.65
166.32
168.16
165.74
167.47
167.49
168.65
165.97
167.97
167.1
166.61
166.92
166.15
166.25
164.83
164.42
166.69
167.25
164.53
166.79
166.85
164.75
166.5
167.35
167.02
165.72
167.36
167.15
165.93
167.43
166.19
166.48
166.44
166.85
167.16
166.78
166.8
166.81
166.17
166.33
167.17
166.26
166.5
167.18
166
167.22
166.03
166.2
166.42
166.39
166.03
168.09
167
165.93
166.63
166.55
167.08
165.98
165.54
164.59
166.41
166.6
166.29
166.02
165.31
165.02
165.24
164.86
163.98
164.37
162.56
165.19
162.08
160.17
161.03
150.93
133.88
164.21
181.39
169.53
143.73
163.87
160.68
145.69
144.1
157.96
139.42
88.91
107.97
111.89
90.56
65.26
98.82
6.24
58.83
55.9
62.82
61.79
64.8
54.66
62.48
61.63
53.22
47.5
56.21
50.4
44.58
56.7
52.36
52.27
57.82
57.38
46.89
55.34
61.06
61.84
56.11
57.16
51.58
54.95
53.55
52.22
55.33
56.92
51.26
55.36
57.14
50.21
56.39
58.91
56.94
53.04
58.59
56.69
51.72
47.95
56.95
56.04
53.3
56.02
59.14
53.54
54.09
56.73
52.64
55.35
52.83
55.15
52.98
55.23
51.68
50.47
54.63
54.74
52.57
52.41
50.02
51.96
53.8
57.09
53.56
58.66
49.45
48.25
40.19
55.33
52.98
30.47
46.2
55.86
63.3
96.18
88.38
51.46
21.94
93.7
124.8
