183.85
181.55
180.8
179.47
181.24
183.39
182.35
181.64
181.46
182.18
182.87
183.24
183.48
181.9
183.64
177.84
176.1
177.91
173.01
171.04
168.07
167.49
168.41
165.62
163.33
169.84
163.96
158.86
160.03
160.64
157.12
158.56
160.47
153.65
140.78
136.94
142.39
141.2
145.82
145.09
143
141.14
144.32
145.66
145.57
142.17
147.1
145.66
146.2
149.98
146.63
142.66
145.93
151.7
150.55
148.36
147.71
147.54
145.74
138.8
138.75
146.78
150.14
152.72
156.01
149.3
155.04
161.58
153.68
149.65
158.34
180.56
175.05
169.01
173.78
173.33
179.1
178.9
178.75
179.74
182.33
180.46
180.38
180
181.7
182.58
184.37
181.44
181.29
181.46
180.67
182.09
180.98
180
180
180
180
180
180
180

