188.09
187.99
187.68
188
188.49
188.21
189.82
187.21
188.39
188.01
188.9
189.31
188.82
188.23
188.86
189.39
190.51
190.74
191.79
190.26
188.41
188.39
189.37
189.47
188.48
183.68
174.33
174.96
187.81
183.98
180.11
166.81
178.25
172.62
167.99
185.99
195.7
195.36
187.34
197.21
208.94
210.29
216.51
220.61
216.76
224.51
221.08
223.08
219.61
227.61
227.65
223.68
223.93
225.74
225.04
223.68
223.72
223.67
221.78
224.8
227.55
223.56
221.88
223.66
225.43
229.17
227.97
222.21
220.6
223.44
222.87
211.27
207.88
204.91
206.26
189.87
188.52
177.8
160.4
171.9
163.45
165.82
160.49
164.1
166.3
161.68
153.53
171.21
165.9
160.33
165.63
171
170.93
169.15
171.23
176.01
171.37
170.05
170.38
180
