238.98155529205948
253.84787526597995
241.8123478666131
233.302643678549
233.37559833059558
230.17079194243897
236.13985297392168
244.4577179027684
253.56519562204605
264.59151311295386
273.1929670403419
269.76953189924535
267.11838586978405
299.7004188433365
291.8390787442267
329.0150126869997
326.1452621954126
327.34869277876925
316.5359714456497
335.32413413096606
328.96233454161376
328.4726161994813
330.03495117456384
330.33750189218455
338.55495721836684
343.4506021479075
343.1960108660452
341.73706984994317
340.99692146848344
341.1868216868914
340.909450774644
341.7434241581735
342.2303499205259
342.6346608947545
343.17958428268383
343.8902084134123
344.93472402340296
345.63601252371467
345.65757019740346
345.1931014208721
344.3586062197128
343.6166028991307
343.18216189896725
342.3662308096323
341.3559164340707
341.79958802459504
342.95764772682844
340.3144563961646
335.12946235369304
338.47418883303976
336.1016382093084
322.29484876069506
323.7991351090592
310.8374680123109
296.1579824186495
277.0147684298539
254.07897706164084
249.92488310133956
246.7671603002815
237.98136408995936
251.84332078708388
251.36367566217675
249.50125557963955
245.08297730996432
241.33006616450945
240.04697261367343
242.90427526941173
245.66779150524695
245.1030757858709
241.5622138647638
235.7576742085816
233.26784872353323
188.99743363398267
180.12358244705032
177.6455833914048
181.3729736733612
178.90414112131978
179.97709368361203
181.12602553364727
179.96608336912777
179.02484994153062
179.17333630154047
180.4585156711652
181.1525724536758
180.3918135931829
179.7024023347148
179.46240829773922
179.48637941939822
180.0291611359509
180.41494458017206
180.20950750131828
179.99595850629416
179.9262117045803
179.87677724380714
179.97051745211607
180.0606820204667
180.01876539803916
179.99195524556706
180.0010695771539
179.99370204329387
139.92797327988083
139.07563297506886
141.23338504358927
144.67736421918667
147.54498935585903
147.77076961867178
144.3503717686608
140.7153815837626
139.2061212155947
139.50414706219595
144.4557024116168
159.33328823590816
174.96140632885982
158.43049992885577
160.7926473168883
151.11907912629664
158.37633167420935
166.11034952851455
168.47698650875475
156.9694298242076
164.29210343448068
161.92633343081886
165.18557849408933
162.7300844823544
163.71260293286042
157.6823073420185
161.49740449890862
161.3738156181875
161.54274765928827
161.89224088091822
161.80294623723378
161.3161379941106
160.77512509134888
160.08411827547704
159.28815173256683
158.39846010751313
157.45871898985973
156.8116153464769
156.63735932601344
156.85328289637692
157.30001442776677
157.52824288172806
157.4777066570248
158.04030816977982
159.69535582043167
162.21215119547668
166.25334866084563
173.42905123170564
180.9646443368878
178.77463650544766
180.54143404460513
174.32721952407988
168.53064853109635
163.73978581718364
162.31764335188862
163.53263364604754
164.97041100741288
161.47930187214521
157.0278568721371
148.8216550873088
141.7923337130613
137.32466960381197
137.24713908598838
139.38089121781778
141.1440101839374
140.3013664256848
135.9764936812932
132.9863692844363
133.92026021991344
136.01964649013905
139.8817448616801
148.35893953652516
168.95488934764603
179.80006363240713
181.1546418658828
180.41490064332075
180.63466459090486
179.48610839810667
179.31586394109846
180.22125376770995
180.64996639165554
180.53737900558968
179.67646709545065
179.17588973277196
179.71885885218362
180.22053603582967
180.38816179127184
180.36551061596748
179.97768161745043
179.70206871456622
179.84977330011736
180.0037948009215
180.05321614991502
180.08795822190905
180.0209143119659
179.9563995295156
179.98663291417276
180.00598355331874
179.99921385256116
180.00437596638355
189.13544561986606
190.00301507056184
191.29403002173214
190.20513798208506
195.4116537858129
186.46157248334887
189.7904015674694
185.79457657335132
185.08401944359133
186.5794090178619
190.10375098529047
191.68697842630925
189.61713577901065
186.82530464797446
185.53805945952152
188.60918636257566
173.86187308654513
191.80538555579045
183.60846899147225
188.28402443455784
188.34187460703438
187.78808363661497
188.0761490586861
187.35605502990717
185.40401535263007
184.02188945196193
183.34218336411973
183.39444813006594
184.1140268233017
184.6300607505686
184.41944111999814
184.19881856562702
184.14665562621434
183.8414021785
183.3426752780585
182.67465834175337
181.86919542471867
181.41234566369477
181.57390988192154
182.17909000557313
183.0848672444503
183.9856239501686
184.5430384526935
184.7511233335855
184.6925730701794
184.66214658618156
184.57127735662286
183.32709529155545
181.35419049126816
181.7601480307511
183.93292386522754
180.966375102198
194.3356988579768
188.0155210601144
194.59704412416153
192.99771550285868
194.31506987059706
194.41204627030828
193.8618169948715
193.27426286972124
192.4975716069451
192.99361784424968
194.44210102963936
194.00055308776498
191.45737368558017
191.2331730695055
193.93952789954415
194.60553882403286
192.3498509019387
190.96141031450284
190.44349318283645
187.61721185115474
182.89377043234117
179.89305869997978
179.48790431700579
179.62816513525286
179.8183404844863
180.27064215282698
180.304911959576
180.032227888304
179.83781337256067
179.78933354011068
180.01637627612797
180.18358518947795
180.083145499792
179.9804765883785
179.92207596003246
179.90479430283233
179.99804169325168
180.0662346029843
180.03471093715447
180.00315844418526
179.9885907283985
179.977640994515
179.99488008418854
180.01038858800257
180.00309819772636
179.9989011810231
180.00020582880072
179.9987537838175
197.63171872566116
196.85925245745386
197.4842106216802
199.35786656781087
199.70539160764858
199.62469888406827
197.45311006066808
195.34867223008467
196.46176855031226
196.5862749714866
196.75447958952128
198.99972474421386
200.09128771412267
202.57891044927365
203.92781277132525
200.4849850236055
194.90999391310368
202.11265149650046
194.16747968655608
198.96080673204142
197.6649278782377
200.8335129027389
204.2630654381899
202.70579056144186
204.83523594736508
204.81941685850308
206.7008599894076
206.72280699988934
206.9212030656369
207.33875570624892
208.78440269352444
208.97421537020657
208.07796131053962
209.04935836352726
210.13783889999172
211.00309196403236
210.5199370599028
210.53901005934736
211.15715999417355
211.23921209997218
210.86322504608728
210.93897867932742
211.39417462419019
211.67846179682903
212.32965989703825
212.92896241329555
213.43593792833227
213.20313355461974
212.2312207502968
211.49539709040113
210.51045747083998
206.2527381865402
203.29592065240237
204.3564900860133
201.87404501996537
199.0454683975075
196.92172758550933
196.0351797758956
195.43482791325147
195.80487472363177
195.4250205337317
195.58104799497605
196.07250829784164
196.33142692792617
196.28068110093702
195.78532297027607
195.0106330596142
195.00299188028663
194.98685797745472
195.13374852838095
194.55768230434006
193.15042866508722
181.77765520536303
179.50457646234224
179.6520763970889
180.6881967983291
179.74206506230286
179.74814603494266
180.26675053422557
180.03940503849944
179.75518010530462
179.80705541438135
180.12877547129602
180.28015027434958
180.0904254527247
179.92331062092234
179.86662399974614
179.87594810010802
180.00817705151397
180.10153827501617
180.0515494814252
179.99890986968285
179.98174608955097
179.96987584799925
179.9927444384373
180.01481510536374
180.0046284679626
179.99805462108242
180.0002669694982
179.9984557288299
191.04582729575654
198.93621854642123
191.29897178793036
154.54781604734694
108.28592284409787
151.67169959474373
139.28479072441922
181.2255253827214
189.63865408565573
173.44771031669598
120.51191148019313
45.62908700668257
227.6312248176987
38.88090446888852
76.57507517439656
21.65860489079521
11.517729880046867
13.494720963574624
-2.8567343829855707
0.7261375413335143
16.234106829082425
25.628963309199996
26.718633341604583
24.420447002442152
19.725799930997443
16.31609414714382
18.16018073551237
21.204968445190502
22.898766909038905
23.59455862570735
22.085633227633725
20.33450402983419
20.11368915825341
20.298112276363863
20.931358359438192
21.97867525324261
22.656265097597824
22.94524823080592
22.75229643352721
21.937567831511153
20.734461197159874
19.49389674824799
18.494213900879632
17.76698375676851
17.498427218386535
18.105249025557605
19.51063886640487
20.9790983232647
21.271386220352333
18.257364154513294
11.495399599856908
4.217997816451468
1.1302069421784622
9.335392617973223
35.52852775708202
82.1427034366459
140.81995456867668
183.5087936409141
195.90475868166294
196.02100323416005
192.84334912750657
188.07558066233682
190.63720928246337
196.71422293387772
200.73666405033174
202.27966206016464
199.14284868957773
195.97915586177064
195.8975082785881
194.93356049795025
192.46788227053386
188.95110416221738
183.89930662691603
180.04526672083765
179.00492669714208
179.16576855348063
179.900608268372
180.63686472219382
180.40136771103516
179.95239054746506
179.81793014693238
179.76053944295413
179.97937617308355
180.19335372439616
180.10606937387408
179.9941644409904
179.91956691887353
179.88970454656285
179.99197610126132
180.0703343532663
180.04056002964953
180.00819757958013
179.98711598608858
179.97224825525436
179.99408187310584
180.01236744477518
180.00353387967556
179.99888926837727
180.00024225876808
179.99838651057797
200.49456322728594
201.59387289628663
205.36326171190694
219.60285759526877
238.88315608540233
232.748657044566
247.30619106915353
253.05608932046127
251.90613773952578
258.1850453962147
262.45050856976997
256.7458807279975
257.8429962365661
247.62083814276403
234.22809142792693
218.75425552917545
209.52150669545912
222.18453276827313
223.66598406912235
210.62217946854776
217.38157349935727
210.13066517498982
211.50961009732836
208.38284238946798
200.3801323117617
193.09715401235474
192.43226503722252
194.39316394858463
196.38385506807325
196.3355331645742
197.167971889424
196.43884006012533
193.45630385584917
192.26623858510433
191.94658792040906
191.22977557691152
189.54166732031808
188.5984244334351
188.65861309665905
189.0757534845738
189.64275342623037
189.4536168875399
188.12810467738626
187.05927279349245
187.34191672515902
189.63654142809668
195.30855480343692
205.65468735320678
217.49652059102797
220.1896504181516
227.06337994652378
226.42119809112566
227.24102278716745
230.7598742401006
239.17175198814726
249.3086537288921
257.3932755279143
259.1253475436253
252.56000817590254
244.3844512494393
237.69357366441304
227.8606294922386
215.81442199451067
206.69896921157027
200.9638616939817
195.99288843600536
191.7656481206847
190.43161139553104
191.42702799049053
191.67453854163327
189.98262176424674
187.02482901780698
183.26677895503883
180.37572921302467
179.64657008980993
179.78994292235276
180.0573230124891
180.30322488233094
179.94389457094385
179.6352182398892
179.8385574999169
180.0325144682711
180.17781936256074
180.2368825642275
180.04008644179768
179.87352432843892
179.88590300336642
179.93643069878874
180.01453272662232
180.0741196611414
180.03908894277131
179.99487162948427
179.98551526842581
179.98077396361214
179.99435479668725
180.0096267390766
180.00377854057
179.99895584824893
180.0000698922389
179.9987731738833
169.90249733024476
172.91989073715544
166.7950291456599
158.62813906070187
151.42485814118945
149.2835049566331
154.73286711072575
158.67970452450004
153.59351346434144
136.59070092922317
106.92378061140244
75.85962491592255
83.40610905742857
69.38021086887467
43.122868224449576
31.67552302116091
38.089389483929644
39.96704746513066
35.0361110747702
33.90209953295933
35.597765023447984
36.28688074654585
37.15581473552953
37.5325624844728
36.44695824553488
35.72293961318084
36.158046131645186
37.08856431116719
38.288352433796916
38.82941998305924
38.01377632599137
36.79563373642277
35.77923107730452
35.15629088066821
35.34515833724536
35.93469793168222
36.40722401399396
36.51780351771656
35.972827494627595
35.04104821679901
34.13661586541201
33.62843797805878
33.78704833958545
34.20677448390745
34.51143991371559
34.53981235011726
33.52136240148858
30.164512599833692
26.257928548269344
28.94222369474041
36.349105824548204
30.00857758035609
17.133271553473236
49.306960868857644
106.316802980956
45.74272249784979
137.07701086117856
133.41680906456708
149.57960251367814
155.44111018088063
157.00882168284366
158.26220991390517
162.67600785544275
167.51623771770315
170.93738026333756
172.65801293561236
171.53552832305246
169.9496597445455
169.78775341011763
170.37620829536056
172.05363509525014
174.45717237109918
176.6145313558815
178.4501309519298
179.67454545575347
180.14491739373784
180.1545610170116
180.0790644264619
180.1787153806187
180.22512013183487
180.11275848881257
179.971015944738
179.79633852708594
179.7661758654145
179.96590711943023
180.12236055310188
180.12621976600767
180.0751923669093
179.97966220169565
179.91607328951127
179.96010526906326
180.00873575550716
180.01558979261966
180.01917612549136
180.0054027416721
179.98952127738897
179.9962732046591
180.00173321698892
179.99987044693395
180.00089976965742
215.8200695699058
217.5192386287899
220.90599452417283
226.2083105309454
232.75005549655484
238.29350327194933
242.3023605765672
247.23262498400362
246.13767484861125
250.4787202311516
253.44958859383286
248.31821879800748
254.0525582268446
248.55808881782906
240.53745303509655
233.5995924652779
232.82013262450204
241.85683346472703
236.894575975933
227.13842015506708
228.3701879440122
224.10285835900217
223.76743687080432
212.4950044569175
218.50849276341904
213.72652844698453
210.37461334867277
210.10315213239477
211.04892042131513
210.58792338418317
210.64547567963302
210.5018636380493
210.0330259004996
209.45233080632522
208.35850664361553
207.01979767636266
205.59742473825582
204.8057724222141
205.00784371745647
205.81016580239194
206.68626305378635
206.69348825072203
205.34755175812987
203.67898562375584
202.81925623228122
204.0614873649021
208.5748517944027
216.01370413130155
224.7699971184496
231.23468864310334
234.07990952875056
237.73467748673428
233.5388364733866
236.02883665323023
243.1542469063151
250.76734694054545
256.12246384222817
259.75172748010084
256.2781490280041
252.28766028809727
247.31377558589742
236.84698963554433
230.21832502867548
229.83138618676438
219.6869820551079
216.45090762087744
212.6352310655811
211.22303785595136
211.9163247954031
211.61504462048757
208.83130022872058
205.08991682447697
185.74739993648328
179.20930654682786
179.3241599126109
180.95287620717994
179.56855213867146
179.89283253792706
180.3488179621621
179.7824947546218
179.52208088579803
179.73883801679594
180.3193210209268
180.58919479897324
180.1659750626854
179.7955060000701
179.71685437329424
179.7663905510143
180.0222453361069
180.2061709601374
180.10638738444544
179.99542519321255
179.96186739645034
179.94014999055977
179.9849695095593
180.02949142687942
180.00973787314157
179.99630389129703
180.00043699453315
179.99673855582682
173.2371553190166
173.82563911688663
172.45677147870845
170.00896077139487
167.6936873599734
167.32350924992454
170.4974653128921
176.93152061741367
183.70366241454718
183.22326737723006
177.62547713639677
188.7555290424354
210.21225085753056
185.51167282517397
132.84421540629359
196.35811027329595
264.8399868030822
54.08670325636895
217.8057454809349
125.28539630127108
111.93623550416929
258.49775033358594
327.5309523623641
274.22683658727556
70.0734572240336
312.5022877460746
66.91449184729396
78.4621044006513
184.5180013130982
44.1092972018578
90.90436676082174
330.5213296070138
302.97695592644925
407.2342375474757
378.53740996434914
348.0683840210704
321.4238607817704
226.2400144301659
101.72556503547011
124.96968085632871
304.43838990591956
389.5323860520541
315.36481087176406
292.0257769926938
354.31621700030445
380.89037548547304
374.9054492419764
367.4008016455563
343.2569441358065
324.64132359523524
315.91892177417543
256.70195291112293
184.7915429257091
301.372792244848
231.01575638145403
258.6252450741559
215.2581602774857
198.61660744473804
214.5858237401421
209.8073901610807
178.8965795133406
163.03974682762535
166.44993234474944
169.30391617545925
171.25203735010192
174.1006688551975
172.53393355463876
168.89404793807577
166.5738943841682
166.067331715445
168.76418339542022
172.90872575013478
176.47745823981197
179.20269389506402
180.22121173856672
180.1818359112679
180.06072982700394
179.8834196928063
180.0265482802025
180.23780797834203
180.15583129817358
180.01901856177707
179.83996895518683
179.76096530285153
179.9357080622066
180.09838942898156
180.13050365418485
180.09769810494316
179.98631484888116
179.90912731231774
179.95341371881494
180.00345021640348
180.01736278856373
180.0255362941258
180.00620423591005
179.98697068395907
179.99589124801446
180.0019785317103
179.9997425413247
180.00115877060443
207.33781937749833
208.10975576289673
209.9617720476985
212.86361041699277
216.8816767308464
222.6183833818888
229.20294161411448
233.23578485906916
234.4861075715622
238.4890501275195
246.64030878173227
253.79644956356248
258.5371251973971
262.7493658496878
265.5743289057557
265.9057738171149
264.8317509032876
264.68752064216653
265.1972071283399
261.44885393323335
253.51058700694153
250.0548282633169
248.15758137497733
226.5600408889506
241.71032466313522
237.50603582278018
235.06971610519327
232.29934647367776
230.4039500726984
229.62394054220357
231.05618977279698
231.80902257786525
230.5545603259088
229.71593285883478
229.57243515632544
228.84845972849735
227.88992162706708
227.4399687605604
227.4847399976763
227.77071044402715
228.01484648461613
227.56414482103156
226.1080543706195
224.320449871712
223.03038338842987
223.3653378891073
226.57044096522313
233.2179165096962
242.2705530295599
249.7940185823993
253.79193690991735
256.9321664804858
259.61855844381336
259.59937827518695
257.54797060607467
255.9522210118829
253.50685230688717
243.87858000139852
241.9597777181565
235.39228231209418
230.62671136694794
225.60984963944583
220.33289988645151
215.39715780562747
211.01951262179932
207.08572120155452
203.77756380465496
201.22713450894622
199.7053273387462
199.95979334431058
200.4219934773236
195.39564401824708
184.7741327497155
178.80489621173422
180.54591452577225
181.41081609994598
179.59351891402835
179.3855132345671
179.9972462847005
179.8407147245889
179.71656659126958
179.9476566148118
180.3054664963471
180.39199666676774
180.08118231401764
179.82654808099807
179.79253070447365
179.85434840016586
180.02386614212708
180.14168669862232
180.07351796428267
179.99410286159105
179.97267908851234
179.96059503643906
179.98977827598725
180.0197584029704
180.0068274253828
179.9974383227724
180.00023746133184
179.9978340510733
176.27063677236333
174.53732677174852
171.06235562274583
179.64970973241384
172.46938331341542
174.81394693414254
168.8651421209001
165.48532500705352
160.0963807404006
158.03215847833837
158.6194399611855
159.62233607909562
159.56935718312855
159.50542501162053
158.8095096740726
156.23400598461174
152.81402899698173
151.75423096429049
150.38928309223445
149.70272436000747
148.61868905280343
151.15575879439825
149.46002442322103
150.38243387798704
150.90692080175896
151.86500310523707
152.76951883384734
152.1220861018748
152.2092525164402
152.45103367853633
153.57568841546896
152.16691327157008
153.81064983202106
153.35889836710317
153.1557509094435
152.73169088202175
152.34221364897766
152.07494787492035
152.06648320481295
152.28947466300474
152.69770576946843
153.3092010365477
154.08055099075284
154.99536712307346
155.84534327937973
156.04087609573304
155.6247496040809
155.79609083953162
156.3937664218554
154.9051149477655
151.01953482975128
158.32120823681325
159.81259606852285
155.798040596631
159.83439617067327
160.98247067534734
161.7338678310788
166.53837278599258
166.65408195899784
173.44187828650436
168.24602854033992
167.85576784408397
171.25426146330275
172.1329231560626
171.62295141332794
172.1891203661161
174.09150333353273
176.5800569239943
178.63518237438345
176.27654877936584
175.36644734639373
175.29404650036284
179.27763295430805
180.54071786731694
178.78985026681534
178.3707905359956
180.24127739888078
180.92752275546312
180.35829691928507
180.10861049525766
180.03434429123377
179.81861156301738
179.76953121616333
179.8875196402176
180.02305538501997
180.11139843181041
180.08724185462333
180.02208466867677
179.9780068943799
179.95364147297065
179.97672798825917
180.00791977913477
180.01042446130322
180.00892365759634
180.0027514554951
179.9945139006459
179.9977916894242
180.00114078801565
179.9999948972152
180.00035684798033
160.98154020690714
160.5186378213179
159.08468288788433
157.672771101447
153.34719239192376
154.91941896744538
149.52932192721732
153.9466146398798
151.06165256752936
152.37533798719465
151.93592649797557
149.44258502704037
146.2016191176161
148.96786126411274
152.52944095316883
148.55998002812223
150.50494903343204
156.9650167156951
156.11885061322135
152.94930655686306
154.5045123397392
155.48822020484843
157.79100405574295
155.31170765863894
159.64978719372908
158.52371334641188
157.54038875390896
156.96743269100136
157.25823172827182
155.79779491892924
158.2224467591002
159.4731372996781
157.71373122306434
158.12350220005544
159.62454324779
160.2323356601434
159.62670998235814
159.3133614657638
159.34202826136033
159.03734848544974
158.64791288925957
158.7483719376976
159.4604437771599
160.68721950244645
162.30938686379778
163.90819538779775
165.10168366876448
165.87250788975044
165.39092917797618
161.53909503834572
153.84695052164582
152.53488130389545
148.43524689218776
146.10647404096878
141.6718440854789
142.59670880370268
141.17638138188195
143.66565106445734
142.74619299830712
138.08710173128281
140.4241523019525
141.68127929097508
147.31778006228797
153.5852476345417
158.00391346782024
158.4666983580277
154.9502208959752
153.6286349243645
158.3468673468385
158.38253452391712
159.96758030244632
161.38211765549033
176.14860381261636
178.9768322983378
181.15668614263396
180.09329460224941
180.22558049960838
179.65762053713024
179.6798382230753
180.21971307995534
180.3448063390024
180.2295231956235
179.80988102580318
179.5672815279602
179.86423635428292
180.13502284331912
180.20147090038986
180.17654671817172
179.98642537052606
179.84904803104695
179.92339961689487
180.00329722405755
180.027269921615
180.04368537307835
180.01074031902772
179.97830654318767
179.99307887145548
180.0028802975175
179.99965810600287
180.00227947235638
