261.07
258.85
261.82
260.99
257.48
261.17
262.05
261.61
262.88
255.55
271.1
260.91
269.21
277.84
263.69
254.09
273.75
264.35
263.65
260.05
267.36
262.49
265.3
269.63
265.81
269.17
275.98
286.67
284.32
267.17
278.62
269.02
290.59
288.84
264.88
271.59
259.3
268.86
258.19
260.12
268.86
264.89
270.36
272.61
270.5
269.68
263.93
261.29
263.47
264.77
262.48
264.06
262.08
265.6
264.3
262.87
262.4
263.17
266.45
258.58
249.64
260.52
262.15
260.34
269.22
265.17
264.63
267.57
268.97
263.19
257.81
259.83
260.32
264.33
264.96
264.75
263.39
180
180
180
180
180
180
180
180
180
180
180
180
180
180
180
180
180
180
180
180
180
180
180