217.39
216.29
214.94
216.93
217.34
216.77
217.21
217.17
216.03
215.15
214.93
214.75
214.48
216.35
218.95
216.45
217.4
215.85
214.91
215.43
216.25
217.24
216.03
216.02
218.51
221.34
223.77
214.38
214.61
208.43
201.04
215.19
216.36
222.83
217.22
215.68
216.27
216.02
219.11
223.6
217.57
225.58
227.1
210.3
217.64
220.63
227.08
225.64
214.09
209.81
220.86
212.1
213.77
201.93
204.25
219.53
230.2
226.54
222.48
217.7
215.97
218.64
219.16
214.81
216.64
217.2
215.26
211.81
201.22
214.4
216.96
225.96
221.45
216.69
216.4
217.74
216.71
211.85
213.87
215.7
217.1
180
180
180
180
180
180
180
180
180
180
180
180
180
180
180
180
180
180
180