221.84
221.06
220.13
219.68
221.09
221.92
222.36
223.04
221.68
220.5
220.25
221.38
223.69
223.91
221.07
222.67
221.9
222.93
220.51
227.13
225.65
223.88
223.5
222.48
223.37
218.67
222.57
219.13
220.91
222.13
225.66
224.27
221.98
221.97
222.86
220
205.37
226.94
232.37
233.43
231.38
232.75
231.87
217.45
208.33
205.13
212.6
220.35
222.77
221.34
219.33
221.14
225.36
225.34
226.4
227.97
226.03
224.14
213.15
214.66
222.85
224.43
223
222.93
222.12
225.81
226.1
222.07
219.95
180
180
180
180
180
180
180
180
180
180
180
180
180
180
180
180
180
180
180
180
180
180
180
180
180
180
180
180
180
180
180