223.27
222.97
222.47
222.06
221.47
221.93
222.45
223.42
223.83
223.62
222.05
221.84
222.24
222
223.77
221.97
222.72
223.2
221.74
222.01
227.74
229.04
228.92
223.87
224.29
226.77
226.77
222.04
217.14
215.18
221.08
212.96
221.45
219.96
221.38
224.42
224.38
227.71
224.33
205.13
212.46
222.65
230.76
217.64
223.75
221.23
230.94
232.13
232.73
232.85
213.27
202.79
207.68
216.63
222.49
224.6
222.18
220.49
224.52
225.42
225.08
228.46
227.86
229.54
218.22
215.29
218.6
224.61
225.59
226.32
223.18
225.38
224.68
226.51
227.71
180
180
180
180
180
180
180
180
180
180
180
180
180
180
180
180
180
180
180
180
180
180
180
180
180