220.2
220.95
222.79
221.91
222.16
221.46
218
220.61
222.55
223.5
219.94
220.96
224.64
228.1
225.71
225.56
222.67
221.46
220.75
224.1
221.2
218.99
220.64
218.04
224.19
221.56
216.87
219.37
219.48
227.03
226.62
230
229.37
231.32
229.65
216.31
206.7
204.64
211.17
220.27
222.98
222.74
219.58
217.92
217.2
222.25
228.52
223.9
223.08
227.39
225.33
221.21
221.76
213.94
223.14
224.77
223.78
222.77
222.24
223.86
226.13
222.81
220.93
219.54
222.11
180
180
180
180
180
180
180
180
180
180
180
180
180
180
180
180
180
180
180
180
180
180
180
180
180
180
180
180
180
180
180
180
180
180
180