221.65
219.75
219.76
222.92
224.21
223.57
222.14
221.73
221.94
221.86
222.21
222.63
223.68
223.72
223.62
224.85
222.79
214.6
222.41
219.21
223.49
224.6
226.49
226.27
225.26
226.54
224.68
219.53
218.66
219.42
223.05
219.34
215.35
210.74
229.11
216.44
222.39
224.99
218.23
221.94
222
229.02
225.68
235.76
237.46
238.02
208.4
194.93
198.48
215.39
222.21
226.32
223.12
218.64
216.46
216.34
220.17
226.89
227.79
223.97
230.44
225.66
227.33
221.64
216.41
216.17
224.09
224.82
223.34
223.59
226.32
225.82
223.32
180
180
180
180
180
180
180
180
180
180
180
180
180
180
180
180
180
180
180
180
180
180
180
180
180
180
180