261.26
261.2
260.14
261.03
262.07
261.88
263.48
265.84
260.97
260.27
262.88
254.15
265.9
274.08
260.78
259.29
258.86
256.98
264.91
261.85
261.35
273.48
266.67
274.38
275.17
261.05
285.25
268.93
275.55
264.95
285.46
278.96
269.32
280.35
275.75
264.48
268.44
266.34
259.76
263.21
273.37
278.16
273.27
267.45
267.76
261.08
264.58
267.04
267.35
262.17
262.3
261.12
263.06
259.62
261.94
265.99
265.62
266.8
263.83
264.3
265.77
262.29
261.23
260.89
264.69
262.62
264.21
264.71
262.38
261.56
263.99
263.84
180
180
180
180
180
180
180
180
180
180
180
180
180
180
180
180
180
180
180
180
180
180
180
180
180
180
180
180