263.85
261.28
260.88
262.25
262.75
261.11
262.5
262.64
260.54
261.65
260.19
261.35
272.33
244.04
261.46
244.87
263.95
259.57
267.31
271
260.18
268.65
269.97
265.34
266.51
265.19
262.49
253.24
274.93
265.2
277.85
269.42
264.94
269.74
279.99
273.71
256.19
259.3
260.09
268.74
276.7
273.64
265.4
262.24
262.04
262.61
263.51
263.85
261.92
261.26
267.1
255.22
258.2
265.97
266.04
268.01
265.55
264.26
264.55
264.99
261.73
259.02
260.16
262.74
265.88
265.91
263.54
180
180
180
180
180
180
180
180
180
180
180
180
180
180
180
180
180
180
180
180
180
180
180
180
180
180
180
180
180
180
180
180
180