215.03
215.63
215.73
215.63
215.97
215.7
215.66
215.53
215.79
215.12
215.44
215.37
215.17
215.78
215.8
217.85
218.29
217.24
216.78
217.29
212.79
218.82
215.04
212.91
216.53
216.31
217.07
217.95
219.32
220.19
216.68
213.78
219.66
218.51
220.02
221.32
217.13
217.27
221.29
217.12
219.64
224.36
222.22
219.2
221.51
221.97
217.79
216.13
210.13
209.75
211.21
214.87
216.25
216.5
217.71
216.17
218
218.84
218.08
216.68
215.18
212.16
212.8
214.42
216.69
217.19
218.59
217.85
214.7
212.23
213.56
215.27
180
180
180
180
180
180
180
180
180
180
180
180
180
180
180
180
180
180
180
180
180
180
180
180
180
180
180
180