204.03
203.71
204.07
204.16
204.32
204.45
205.52
205.33
205.23
205.1
204.97
204.12
204.73
204.74
204.17
204.44
205.43
205.45
205.66
205.64
206.16
205.95
205.18
202.19
204.66
209.11
203.88
205.61
207.21
206.51
203.01
202.71
203.51
204.44
204.34
202.27
204.75
203.69
203.77
202.13
203.85
202.19
203.09
215.25
207.39
205.61
208.7
203.17
202.93
190.56
196.19
199.3
204.16
205.15
205.19
205.35
204.84
204.71
202.88
202.69
204.1
203.87
206.57
205.63
206.49
207.02
208.19
206.12
204.72
202.98
195.92
203.97
204.8
206
206.07
205.46
205.26
201.78
201.2
203.29
180
180
180
180
180
180
180
180
180
180
180
180
180
180
180
180
180
180
180
180