231.32
231.47
231.18
230.87
231.79
231.58
229.94
229.62
230.01
230.36
230.71
231.48
230.43
230.85
231.06
229.48
230.95
230.63
230.09
229.84
230.6
231.13
230.21
230.13
231.04
231.32
230.4
230.4
229.6
231.19
230.57
231.12
235.25
232.96
235.48
229.02
230.17
213.6
230.84
228.87
235.19
227.65
231.13
231.07
234.75
230.7
230.51
230.6
232.01
231.68
229.09
229.7
233.22
231.04
231.8
226.98
234.38
229.24
225.65
227.09
230.9
228.73
218.27
237.59
245.97
237.36
239.57
233.68
232.21
232.09
226.66
231.97
229.41
230.4
221.94
229.75
221.95
231.35
235.52
239.35
233.46
231.82
233.48
233.32
224.31
230.66
230.73
232.88
233.4
231.83
231.77
230.08
230.62
230.76
232.58
232.49
231.13
232.03
180
180