233.12
236.78
234.21
235.19
232.22
233.63
231.62
231.3
232.05
232.52
232.67
231.87
232.56
234.07
233.98
236.6
233.08
233.8
226.74
243.75
231.02
226.97
228.16
228.7
227.58
233.07
234.49
234.36
233.39
229.1
231.04
232.33
230.77
230.19
235.13
228.72
237.04
227.43
227.32
231.08
231.52
237.97
233.28
233.33
218.87
220.92
227.21
239.86
245.31
236.56
233.75
230.62
233.85
235.57
234.41
234.49
231.62
231.47
230.49
230.33
218.44
229.83
227.74
238.98
241.62
236.74
231.71
231.85
234.1
237.14
232.99
226.49
231.33
233.94
234.45
180
180
180
180
180
180
180
180
180
180
180
180
180
180
180
180
180
180
180
180
180
180
180
180
180