203.88
204.02
203.79
203.39
204.22
204.26
203.74
204.23
205.38
205.5
204.98
203.94
204.82
204.86
204.74
205.42
204.7
204.75
204.85
205.3
205.64
205.58
206.27
206.48
205.03
206.37
202.66
203.78
204.6
207.34
210.29
205.84
206.05
203.97
204.72
206.7
202.68
205.01
204.61
205.08
203.99
203.24
205.76
203.58
203.56
205.83
204.68
204.58
204.97
204.91
208.18
207.36
207.93
209.77
206.64
196.09
198.86
201.04
203.39
203.97
205.25
204.27
209.29
205.13
206.01
206.3
206.99
208.82
204.89
202.71
205.04
200.06
205.06
205.17
205.93
204.77
203.72
205.07
202.27
203.27
203.02
180
180
180
180
180
180
180
180
180
180
180
180
180
180
180
180
180
180
180