214.66
215.09
215.27
215.08
214.12
212.06
215.5
215.86
218.7
217.3
214.98
215.86
215.84
219.62
219.68
211.61
224.83
212.14
216.05
226.06
219.17
218
219.95
216.15
212.96
215.86
214.07
211.51
217.77
210.17
215.99
223.77
217.74
217.13
214.58
212.17
222.75
220.62
219.81
228.05
226.84
221.9
202.4
197.69
205.85
214.16
214.4
216.01
214.47
214.9
214.21
218.44
219.17
218.08
225.24
223.36
214.89
218.56
207.07
216.75
217.63
217.63
217.47
217.29
219.88
218.22
218.07
180
180
180
180
180
180
180
180
180
180
180
180
180
180
180
180
180
180
180
180
180
180
180
180
180
180
180
180
180
180
180
180
180