214.55
214.14
217.16
218.32
217.36
217.09
216.67
216.62
216.68
216.85
218.21
218.15
216.55
218.9
217.66
215.41
216.81
215.42
215.47
214.62
212.14
220.68
217.4
216.77
222.68
221.69
222.45
213.78
214.18
213.93
214.92
211.61
210.05
226.29
211.92
221.21
214.33
227.14
211.63
220.35
222.17
213.79
221.58
225.11
234.4
235.12
198.58
187.83
197.4
210.39
216.08
217.3
215.47
212.33
211.21
212.72
214.01
218.07
220.52
219.7
207.55
226.36
214.12
208.11
212.15
211.15
218.9
218.12
217.09
215.05
220.36
217.46
217.46
180
180
180
180
180
180
180
180
180
180
180
180
180
180
180
180
180
180
180
180
180
180
180
180
180
180
180