255.7
255.25
255.37
255.4
254.99
254.25
255.68
254.95
255.06
255.44
254.76
254.39
256.33
252.43
256.69
257.29
257.8
253.94
261.5
278.88
248.5
255.43
252.5
252.97
255.23
256.81
262
254.19
253.78
265.02
261.64
267.4
236.73
249.44
283.42
244.03
263.7
254.2
249.51
242.55
264.06
249.74
248.05
248.92
268.31
265.96
262.3
261.67
256.54
256.12
252.85
257.2
257.43
256.03
255.7
253.05
255.23
260.21
247.35
253.81
258.56
257.2
256.89
260.64
254.03
251.75
253.44
255.42
255.4
255.27
255.01
254.84
255.73
255.63
180
180
180
180
180
180
180
180
180
180
180
180
180
180
180
180
180
180
180
180
180
180
180
180
180
180