199.17
198.53
198.18
198.54
196.22
196.14
197.21
197.47
197.78
197.22
197.97
198.02
197.47
198.44
197.98
196.64
198.01
198.12
194.61
192.49
196.35
194.44
202.1
204.91
195.68
191.4
198.47
198.47
195.13
197.84
200.12
200.44
198.75
198.28
204.24
199.86
198.79
201.41
205.65
200.79
195.81
198.53
194.9
191.64
190.4
196.27
195.6
207.59
209.18
204.33
199.66
197.89
197.58
197.25
193.32
190.21
198.21
195.85
193.96
196.57
199.19
201.53
202.76
196.56
199.41
198.17
196.08
193.15
197.29
199.31
200.31
201.88
198.94
198.33
197.24
196.28
198.33
199.37
197.95
180
180
180
180
180
180
180
180
180
180
180
180
180
180
180
180
180
180
180
180
180