210.76
207.91
207.7
206.52
207.5
206.25
207.1
207.35
207.33
206.81
205.09
204.9
205.7
204.9
205.47
204.03
208.65
202.24
204.88
207.85
209.31
209.12
209.05
209.06
210.68
208.51
207.97
209.22
207.77
208.47
210.73
210.96
210.66
213.92
217.17
212.9
209.56
208.87
218.39
210.08
203.09
197.1
203.24
213.91
212.8
215.3
218.9
208.66
206.37
204.82
207.9
209.69
207.28
203.4
205.3
204.33
200.23
202.35
203.26
205.79
210.87
213.69
207.07
205.31
207.2
206.19
209.32
206.61
205.67
208.37
210.48
208.12
180
180
180
180
180
180
180
180
180
180
180
180
180
180
180
180
180
180
180
180
180
180
180
180
180
180
180
180