182.93
183.61
182.75
182.94
183.22
182.68
183.84
183.21
182.73
182.29
182.77
181.83
183.56
184.75
184.61
184.31
183.89
186.44
183.31
180.74
178.23
178.81
183.07
185.48
184.1
185.43
185.6
180.47
181.49
185.81
185.72
181.44
185.11
185.91
184.12
184.11
185.32
189.91
184.98
184.19
189
192.5
180.99
188.73
193.62
183.83
186.13
186.59
179.31
178.65
182.03
183.59
183.74
184.15
184.06
184.26
182.91
184.2
185.33
183.53
184.67
187.64
183.03
181.82
180.93
180.65
185.44
186.45
182.63
183.79
185.63
184.86
181.15
179.48
180
180
180
180
180
180
180
180
180
180
180
180
180
180
180
180
180
180
180
180
180
180
180
180
180
180