245.58
255.67
250.79
251.77
253.89
251.91
252.32
249.8
254.2
244.52
255.4
250.2
250.9
253.66
246.9
238.26
253.49
252.73
250.54
249.05
251.56
249.93
253.03
253.61
252.98
255.59
262.98
249.32
261.33
258.71
262.56
249.58
257.19
254
249.81
255.21
255.37
257.31
256.41
231.51
250.03
251.42
255.51
262.42
258.13
257.29
249.62
249.83
251.74
254.61
252.79
252.78
253.6
255.48
250.89
252.39
248.1
251.43
250.44
240.8
240.69
250.41
260.14
270.91
254.5
251.4
252.08
253.86
259.27
254.47
245.84
249.12
254.05
253.32
255.56
254.07
251.63
180
180
180
180
180
180
180
180
180
180
180
180
180
180
180
180
180
180
180
180
180
180
180