254.29
255.51
255.96
255.03
254.67
254.47
259.42
253.78
255.38
254.69
254.5
255.43
258.83
256.5
256.9
248.51
240.19
255.07
253.66
251.03
251.08
255.27
252.47
254.33
260.81
252.39
261.31
256.81
257.55
262.1
253.74
256.23
265.17
252.04
260.7
256.7
247.97
237.91
242.68
240.79
260.64
265.19
260.39
258.97
253.82
255.86
255.22
255.77
256.16
253.48
253.98
252.6
253.08
253.78
241.48
250.05
254.05
249.2
251.68
259.18
256.73
254.52
254.08
254.34
254.41
256.37
253.13
250.03
250.83
255.76
255.57
256.59
180
180
180
180
180
180
180
180
180
180
180
180
180
180
180
180
180
180
180
180
180
180
180
180
180
180
180
180