222.98
221.71
225.95
223.5
224.63
224.98
224.64
224.86
223.12
219.8
226.04
218.68
221.97
232.62
231.39
227.01
227.23
224.71
223.85
222.63
223.24
223.29
225.44
223.96
223.18
218.75
224.3
223.52
222.05
228.45
222.33
222.37
225.97
226
226.95
230.66
222.98
230.45
233.13
235.6
208.96
205.06
218.39
221.87
224
224.95
220.62
222.47
222.83
226.72
227.65
227.98
222.61
230.55
223.83
225.49
224.66
217.91
224.79
225.71
224.23
224.79
224.74
227.54
226.04
223.78
221.75
219.2
180
180
180
180
180
180
180
180
180
180
180
180
180
180
180
180
180
180
180
180
180
180
180
180
180
180
180
180
180
180
180
180