221.96
221.98
221.63
223.27
222.85
223.62
224.09
223.73
222.72
222.68
221.58
222.75
224.06
224.3
223.08
222.8
223.77
222.56
226.4
227.19
224.43
224.97
223.91
224.99
222.7
219.49
221.37
221.03
220.82
222.92
220.53
220.57
223.64
224.13
220.77
221.38
223.21
227.17
226.34
225.58
226.91
231.72
233.92
215.27
203.2
212.6
217.77
221.49
223.05
221.82
220.86
222
227.5
224.16
227.39
229.54
222.15
218.14
211.66
218.59
223.07
223.36
222.82
222.44
222.76
225.12
224.56
220.17
221.66
180
180
180
180
180
180
180
180
180
180
180
180
180
180
180
180
180
180
180
180
180
180
180
180
180
180
180
180
180
180
180