193.98
194.08
194.58
193.93
191.75
192.57
192.66
194.19
192.7
194.37
196.42
194.25
196.42
195.29
192.04
194.12
195.92
197.14
197.49
197.85
198.23
198.74
203.87
199.18
200.07
201.77
207.34
203.87
204.67
201.86
201.06
203.82
199.6
199.88
196.36
194.64
188.88
190.83
205.33
202.38
197
193.54
193.51
194.75
194.83
195.85
194.13
193.43
192.3
194.74
196.98
195.08
198.42
198.88
197.53
196.91
196.93
197.42
197.23
197.61
196.69
194.69
193.16
196.32
197.39
198.08
180
180
180
180
180
180
180
180
180
180
180
180
180
180
180
180
180
180
180
180
180
180
180
180
180
180
180
180
180
180
180
180
180
180