151.3
154.42
157.23
158.48
151.96
147.33
147.75
149.52
149.7
149.53
148.6
150.44
151.78
153.47
148.14
145.49
145.08
148.48
150.2
149.47
152.3
144.44
150.22
140.73
143.86
147.96
150.79
149.12
149.09
151.81
153.29
152.21
151.47
149.76
153.78
160.98
147.99
145.98
151.88
141.31
149.89
146.61
152.41
153.35
141.58
137.15
136.54
146.3
156.28
162.38
158.64
149.36
146.13
145.23
147.72
153.04
153.34
144.63
138.21
141.06
142.81
146.71
140.01
146.8
159.75
149.58
143.63
145.66
148.31
144.76
142.98
180
180
180
180
180
180
180
180
180
180
180
180
180
180
180
180
180
180
180
180
180
180
180
180
180
180
180
180
180