192.39
193.48
195.39
194.61
193.85
196.04
194.7
192.3
193.1
194.08
193.26
194.69
193.25
191.06
191.04
192.21
196.35
194.11
192.85
195.67
198.44
198.41
193.08
190
191.35
194.65
194.85
195.75
197.37
198.2
201.55
202.59
202.7
199.67
199.65
203.74
209.12
208.76
203.53
203.78
207.11
202.78
202.37
204.74
203.58
198.45
196.9
192.49
188.2
189.7
204.19
206.9
199.25
195.74
191.65
192.75
194.35
195.88
195.97
193.02
193.39
191.69
182.91
188.57
200.74
200.23
200.39
195.98
197.03
197.73
197.87
196.02
180
180
180
180
180
180
180
180
180
180
180
180
180
180
180
180
180
180
180
180
180
180
180
180
180
180
180
180