148.37
149.11
149.13
148.04
147.07
146.44
146.25
147.04
145
144.8
148
149.1
147.98
146.39
141.58
144.22
145.64
147.21
145.94
148.35
151.77
150.51
154.8
149.95
145.3
149.04
156.35
147.35
150.08
145.65
147.79
150.4
149.9
151.18
143.56
140
138.9
145.56
156.25
158.24
151.23
146.01
144.8
146.18
146.85
147.75
144.71
142.19
140.4
144.43
149.94
147.21
152.02
152.94
148.46
146.16
146.17
145.28
145.03
146.15
148.55
147.85
148.18
153.17
155.76
155.49
180
180
180
180
180
180
180
180
180
180
180
180
180
180
180
180
180
180
180
180
180
180
180
180
180
180
180
180
180
180
180
180
180
180