183.04
182.73
182.83
182.61
182.62
182.5
183.5
182.39
182.6
182.45
182.13
182.91
182.73
183.24
183.76
185.94
183.9
187.82
189.37
184.63
181.25
179.74
180.03
183.56
183.63
186.13
187.08
185.76
186.75
186.07
187.38
187.96
190.69
186.75
188.88
188.97
189.21
188.79
190.59
185.27
186.27
185.75
181.43
177.15
180.68
188.44
186.03
185.43
183.64
183.01
182.33
184.73
185.3
183.66
184.34
183.1
182.81
183.71
183.22
184.34
185.83
184.76
184.38
185.48
186.56
182.86
179.8
181.71
182.29
183.83
182.24
182.84
184.1
182.98
180
180
180
180
180
180
180
180
180
180
180
180
180
180
180
180
180
180
180
180
180
180
180
180
180
180