183.7
183.36
183.33
182.76
182.44
183.37
183.67
182.26
183.98
183.58
182.63
182.12
182.9
182.93
182.67
181.82
184.99
185.5
184.66
185.4
185.47
187.36
183.09
182.42
181.64
182.71
184.53
183.83
185.25
187.38
187.27
186.26
188.14
187.77
188.98
190.27
187.68
190.8
188.96
189.85
190.41
190.13
187.24
187.62
186.07
183.47
178.95
181.53
186.25
187.81
184.3
183.46
182.65
181.97
181.81
183.48
184.31
183.16
183.34
183.97
181.34
184.61
183.91
184.08
184.34
185.15
184.21
185.32
184.1
182.63
181.35
182.48
182.48
180
180
180
180
180
180
180
180
180
180
180
180
180
180
180
180
180
180
180
180
180
180
180
180
180
180
180