152.16
152.71
151.31
149.55
148.93
147.9
148.84
149.74
150.12
150.05
149.58
149.03
148.34
146.77
147.07
147.16
146.17
153.6
153.26
155.65
144.22
148.49
154.61
146.86
148.33
147.36
146.09
155.88
156.52
154.34
155.04
147.89
154.61
146.95
154.48
149.99
154.75
151.13
150.07
152.73
142.88
141.5
151.42
139.59
135.45
136.14
153
162.26
164.57
152.49
146.61
143.69
144.83
148.98
151.77
152.78
148.68
141.94
141.07
145.27
143.58
144.99
151.88
146.49
154.15
153.83
148.51
146
146.99
147.9
149.08
147.13
150.49
180
180
180
180
180
180
180
180
180
180
180
180
180
180
180
180
180
180
180
180
180
180
180
180
180
180
180