194.46
193.37
192.32
192.74
191.72
191.6
192.04
191.57
190.8
192.07
191.37
193.41
192.76
191.32
195.82
195.21
197.88
192.81
190.8
193.49
195.86
199.45
198.05
198.34
197.45
199.05
196.28
197.92
199.84
205.88
200.08
204.02
202.4
201.25
202.35
205.81
203.4
201.57
199.48
204
198.57
193.15
188.09
188.47
187.32
198.97
198.81
193.75
193.99
190.01
193.19
190.56
191.99
192.38
190.54
191.12
192.35
186.41
193.24
190.26
195.08
198.47
198
195.95
196.41
197.16
198
194.61
192.11
192.48
193.12
194.88
180
180
180
180
180
180
180
180
180
180
180
180
180
180
180
180
180
180
180
180
180
180
180
180
180
180
180
180