182.45
182.67
182.72
182.5
182.69
182.34
182.53
182.5
182.43
182.51
183.11
182.66
182.52
182.59
182.6
182.16
182.29
182.42
182.57
182.53
182.44
182.66
183.61
183.9
183.82
188.4
188.59
178.83
178.97
181.04
182.47
183.61
186.16
186.39
186.81
185.35
186.42
185.02
185.25
188.26
184.48
187.54
186.62
189.28
185.59
185.64
184.9
184.03
179.92
178.22
184.98
187.14
184.72
184.44
182.73
183.02
182.88
183.35
184.89
182.97
183.62
182.07
180.19
184.7
181.27
182.29
186.87
184.47
185.84
185.96
179.89
178.96
181.63
181.53
181.68
183.07
181.83
183.24
182.08
182.86
182
182.56
180
180
180
180
180
180
180
180
180
180
180
180
180
180
180
180
180
180