189.59
189.35
189.61
189.41
189.14
189.9
189.09
188.31
187.83
189.63
190.96
191.4
191.07
190.09
188.06
187.55
186.34
185.47
184.6
183.43
181.84
180.89
181.52
181.96
182.92
182.88
183.13
183.14
183.24
182.6
182.73
183.06
183.32
183.44
184.22
184.15
185.4
185.86
185.43
185.8
186.89
187.54
187.56
189.76
190.38
189.77
190.35
189.87
186.34
191.03
189.63
189.4
189.86
190.69
190.6
189.63
190.21
190.75
190.41
189.44
189.38
190.06
189.59
189.9
190.41
190.04
189.71
189.79
189.79
190.14
190.28
180
180
180
180
180
180
180
180
180
180
180
180
180
180
180
180
180
180
180
180
180
180
180
180
180
180
180
180
180



































































