204.82
204.14
204.78
204.29
204.38
204
204
204.46
204.61
204.42
207.96
205.17
208.59
207.15
205.72
203.73
202.47
202.44
201.16
201.15
201.63
200.92
201.64
201.96
202.47
202.85
202.08
202.24
202.59
202.33
201.84
201.75
201.79
201.64
202.6
203.05
204.53
204.89
204.55
203.65
203.72
204.63
204.15
204.25
204.78
205.86
205.56
205.79
205.25
211.8
205.16
204.63
206.59
206.26
205.28
205.81
205.44
205.97
205.88
205.22
205.46
205.38
205.31
205.37
205.52
205.16
205.25
205.44
204.99
205.12
205.79
180
180
180
180
180
180
180
180
180
180
180
180
180
180
180
180
180
180
180
180
180
180
180
180
180
180
180
180
180



































































