203.72
203.67
203.92
204.56
205.91
205.09
205.83
210.47
221.11
214.28
222.45
221.63
218.62
233.27
221.63
224.54
196.43
252.08
242.8
239.7
235.54
243.96
257.49
247.76
246.4
240.28
258.98
253.77
255.13
253.45
256.64
246.68
247.15
247.52
236.23
241.12
245.37
237.04
239.12
241.41
245.72
248.24
253.11
252.93
251.8
255.72
247.39
263.45
253.45
241.59
234.23
234.39
224.12
221.88
226.47
219.11
215.19
216.8
214.65
211.15
208.71
209.82
208.44
206
207.21
204.46
204.1
202.09
196.43
198.91
202.12
203.68
201.83
203.23
205.94
207.57
206.17
204.09
204.96
204.03
203.25
203.56
202.84
205.04
203.97
206.32
205.3
205.4
205.79
205.39
205.12
204.82
205
205.57
205.74
205.15
205.37
205.41
205.32
205.51

