202.14
202.47
202.88
202.32
201.88
201.96
200.81
202.09
203.5
207.64
210.13
210.05
211.42
210.97
212.3
215.84
235
240.23
219.66
226.44
235.24
238.38
236.53
235.59
250.46
254.38
247.63
248.61
254.87
257.7
249.78
230.38
254.94
257.58
248.77
242.16
251.16
247.31
240.92
244.8
243.41
247.6
235.5
237.63
240.36
241.99
240.93
248.4
255.99
251.87
249.66
250.65
251.74
251.36
245.25
253.66
244.21
232.42
229.78
249.37
221.58
219.67
217.56
216.97
211.11
207.77
204.17
210.04
202.14
200.13
197.86
193.09
194.95
196.26
195.41
195.32
193.8
193.83
189.86
191.49
193.55
191.86
191.26
192.56
193.46
193.27
180
180
180
180
180
180
180
180
180
180
180
180
180
180

