168.69
165.88
169.32
172.84
170.67
170.65
172.13
171.56
171
171.43
172.5
172.14
171.07
170.19
167.17
158.96
162.39
171.44
162.43
164.78
166.27
166.37
158.25
162.5
165.46
167.91
171.03
157.14
158.16
155.29
153.38
156
144.72
159.31
156.95
151.93
141.71
143.46
148.05
150.51
146.73
143.13
148.44
149.96
145
145.41
150.03
148.01
145.98
142.93
144.84
144.24
145.64
144.51
144.15
145.18
145.48
145.91
151.82
152.22
150.9
148.13
158.5
174.01
168.34
158.75
163.74
166.96
160.26
164.17
164.56
167.48
164.76
167.81
173.96
175.91
171.64
171.01
171.05
168.23
171.53
174.6
173.12
169.27
172.72
176.18
175.09
174
173.15
174.75
175.18
180
180
180
180
180
180
180
180
180

