198
198.66
199.47
198.13
198.08
197.36
197.96
197.35
197.71
197.87
197.39
197.22
197.62
199.03
198.45
201.09
195.68
199.51
211.97
221
219.41
213.67
218.59
225.2
233.3
230.2
231.23
235.08
235.54
234.9
238.38
228.4
241.06
234.95
217.22
225.64
219.44
223.52
217.54
219.04
212.7
204.55
209.78
214.28
209.91
209.51
209.54
206.52
208.15
209.55
207.28
207.17
212.16
210.13
210.43
214.07
224.98
227.71
226.26
234.66
238.16
240.73
220.19
211.6
226.22
234.64
232.55
226.02
229.63
226.96
226.58
226.83
227.75
225.94
225.65
222.02
232.14
217.11
205.01
203.67
195.86
193.21
198.38
202.03
202.03
198.02
197.27
196.68
196.81
196.31
196.88
180
180
180
180
180
180
180
180
180

