167.17
166.45
166.74
167.21
166.72
166.66
165.83
168.33
167.69
168.81
167.14
168.34
167.34
168.31
166.03
164.62
165.82
169.19
169.11
164.54
162.1
158
161.23
147.89
153.02
149.42
166.01
167.06
178.99
159.73
175.16
179.94
184.95
185.84
177.27
189.96
188.94
190.03
193.58
192.64
187.7
192.63
192.23
194.25
186.7
194.55
193.34
191.98
193.85
186.46
192.38
194.32
189.78
190.26
192.12
193.28
189.57
192.51
193.11
193.34
186.83
187.97
189.13
191.55
178.25
162.08
169.91
180.59
169.36
173
169.42
169.51
171.59
168.57
163.79
166.5
160.55
159.87
166.18
167.04
162.34
162.61
162.89
162.36
163.49
156.67
155.01
165.97
164.38
161.29
163.09
162.57
163.14
180
180
180
180
180
180
180




















