195.86
196.98
194.78
195.04
194.71
195.63
195.12
194.93
195.22
196.07
196.8
196.15
200.87
201.52
201.04
203.22
203.48
203.61
207.63
205.84
206.83
207.77
212.72
213.85
213.33
223.39
262.46
235.19
239.09
251.41
246.51
260.45
240.6
265.3
232.2
264.15
265.98
220.15
237.81
251.62
238.64
239
245.24
228.02
217.37
223.85
238.24
207.06
235.88
221.41
225.06
232.99
218.03
215.45
226.35
227.38
213.44
223
227.71
238
239.42
233.54
252.42
262.77
248.46
216.28
258.5
260.57
257.66
260.61
262.94
254.75
242.53
239.66
249.01
230.46
228.38
232.52
228.71
219.26
220.27
220.35
212.81
210.25
210.06
205.1
203.46
203.82
203.24
200.81
198.79
197.22
195.37
180
180
180
180
180
180
180




















