200.28
201.62
203.59
206.29
209.35
210.48
214.16
220.19
216.77
212.88
227.16
237.99
236.03
237.15
247.8
240.91
239.88
255.66
255.51
243.96
224.36
234.13
249.16
232.41
240.07
234.06
242.1
241.59
227.09
223.37
230.2
214.17
220.87
223.17
221.37
220.59
216.41
220.83
221.59
216.69
219.56
219.28
219.27
220.37
211.06
218.96
222.23
222.94
207.28
220.99
225.53
229.66
238.11
243.58
238.74
246.11
242.08
229.3
237.42
243.53
242.26
236.49
233.35
242.84
239.63
234.41
234.61
228.46
224.66
219.13
204.79
211.32
209.93
202.19
206.48
208.88
200.74
198.58
194.65
196.61
194.58
193
192.99
193.71
190.42
191.8
192.39
192.43
191.89
192.8
192.73
192.56
192.53
193.38
180
180
180
180
180
180



















