176.38
176.34
176.3
176.45
176.43
176.62
176.73
176.47
176.05
176.81
176.48
176.15
177.04
177.36
177.16
176.76
176.75
176.93
175.57
175.54
175.56
175.62
175.19
174.36
175.23
174.44
172.73
173.23
175.35
174.58
172.36
172.23
174.03
174.97
171.2
173.61
175.02
169.23
178.36
181.87
177.82
171.65
173.87
178.97
176.43
173.72
180.58
181.99
171.16
180.31
186.2
187.53
185.24
184.79
184.14
183.49
181.94
184.55
182.13
182.8
183.03
181.76
184.12
183.88
182.31
181.26
183.34
183.33
181.11
183.02
182.94
182.15
183.6
179.5
180.84
179.13
177.11
180.97
179.83
179.75
180.61
179.7
177.27
177.3
179.01
172.93
173.84
176.92
173.91
172.84
174.83
173.67
173.09
173.73
174.2
171.69
169.69
172.09
172.27
168.98
168.45
166.81
169.7
171.75
171.26
168.6
172.7
167.92
173.33
170.19
171.09
169.51
171.43
170.81
170.21
169.52
170.24
171.2
171.25
170.56
170.03
169.83
171.84
170.71
170.24
169.9
169.76
171.39
170.51
171.11
171.19
173.15
172.45
170.88
168.99
170.64
173.46
169.94
170.5
167.5
172.56
175.03
164.65
171.56
176.11
167.33
167.25
171.65
174.19
175.8
178.22
172.98
177.48
182.93
180.26
171.64
178.12
185.78
184.61
181.09
181.16
181.89
182.45
181.61
185.01
184.6
181.74
184.83
184.53
184.09
191.56
182.99
184.95
185.52
186
182.98
182.31
184.34
184.45
186.15
182.18
183.26
185.9
185.93
182.75
182.03
186.11
183.73
183.77
184.88
184.35
185.1
185.72
183.78
182.81
182.25
182.33
183.19
182.6
185.96
183.14
180.52
183.74
182.33
183.42
182.04
181.99
183.28
182.71
182.07
181.37
183.9
186.9
180.3
179.27
181.38
182.08
172.85
177.04
181.83
181.78
177.79
180.58
180.1
176.94
179.48
179.94
179.44
177.62
179.7
179.9
179.61
178.63
179.9
179.08
180.53
181.95
178.83
182.32
175.94
175.56
179.89
181.24
177.57
180.84
175.05
178.2
170.97
172.93
171.7
173.51
173.24
174.19
171.71
173.71
171.64
170.85
172.56
170.93
171.28
172.41
170.61
167.6
169.08
168.56
166.34
167.89
169.11
170.33
167.16
164.99
165.72
169.07
169.21
166.22
166.81
169.16
168.71
169.23
168.02
167.66
168.86
168.68
168.78
167.54
167.72
169.43
168.43
169.48
169.37
167.8
169.41
169.75
169.48
169.19
168.79
167.96
169.35
167.98
169.97
169.03
169.84
168.86
169.99
169.26
169.34
169.53
169.33
169.34
169.83
170.65
169.1
169.18
171.11
169.43
171.43
168.09
169.69
170.63
171.92
172.4
172.01
173.11
170.11
171.18
167.14
171.8
172.36
173.64
172.42
171.98
174.85
176.82
177.17
174.26
178.43
181.36
183.04
180.66
183.02
182.31
181.81
182.62
183.52
186.54
185.01
188.58
186.19
183.53
186.24
185.13
183.69
185.09
182.13
182.32
184.27
183.16
182.27
181.9
186.09
186.79
182
186.17
185.9
184.46
184.09
184.51
185.69
183.8
182.8
185.06
185.81
184.58
184.59
184.17
185.83
184.76
183.53
180.29
185.48
183.51
181.21
181.66
182.97
180.82
177.96
181.28
180.55
179.84
181.66
180.27
175.06
178.06
182.08
181.62
180.14
175.64
176.9
176.53
179.61
175.89
177.03
176.71
178.14
176.28
176.15
173.87
173.55
175.75
173.75
172.68
171.92
171.79
173.34
173.24
172.77
170.1
170.98
169.56
169.49
171.66
168.72
171.6
169.61
169.18
171.25
172.34
173.73
167.6
165.29
169.98
168.55
165.6
167.74
168.19
169.07
169.75
167.73
166.96
170.5
168.63
168.57
167.02
168.65
167.1
168.54
168.65
170.52
169.31
168.37
167.87
168.19
168.78
169
168.17
168.33
171.91
169.2
169.28
167.19
166.24
165.83
167.87
172.75
172.47
170.49
172.25
173.8
172.15
173.08
168.55
170.75
173.63
177.29
173.27
176.48
173.22
176.61
177.7
179.93
180.13
179.54
181.78
181.74
185.09
181.64
183.3
180.01
185.02
190.38
187.06
188.41
189.01
187.8
187.84
190.3
189.41
187.94
187.2
187.04
189.43
188.63
187.86
191.45
191.04
189.88
189.64
188.32
190.39
190.55
189.34
189.48
189.21
188.59
189.3
189.27
189.39
187.68
187.68
188.29
187.48
185.7
183.75
185.23
186.65
186.84
182.11
181.51
180.13
178.95
