186.52
186.33
186.96
186.86
187.09
186.99
187.16
186.75
188.17
187.86
187.78
187.22
186.55
185.61
184.41
186.63
188.49
191.24
188.89
190.05
188.96
189.88
193.83
187.36
193.05
193.62
196.36
189.69
185.97
187.86
192.8
191.76
187.54
193.66
189.67
192.03
187.33
192.67
188.04
187.95
189.96
190.45
188.36
188.5
189.78
190.53
190.58
192.29
192.05
190.46
193.79
192.03
191.13
191.08
190.96
193.28
191.15
186.59
183.01
200.7
196.2
193.86
206.59
202.04
196.28
192.09
191.85
198.37
194.01
187.75
187.27
189.67
190.98
189.1
184.76
186.93
191.19
188.59
188.03
188.77
187.96
189.39
188.61
189.16
189.59
189.01
188.52
188.72
180
180
180
180
180
180
180
180
180
180
180
180

