195.14671007341002
198.75499764788964
195.20745839212353
195.75299754603236
195.01523244750118
194.43985117260874
193.82913725590726
192.8964302530803
191.45934226107482
189.7458925021954
187.39540417541275
183.14606480979447
177.999100483125
176.79342057852733
179.14958025950767
175.39397403236518
180.91885876186618
188.78875508793277
187.93483237123232
181.94457500526389
191.81863119219523
184.62792891509218
190.63098686143385
190.7498556180303
192.31010704656094
192.8634412679007
192.41798808613865
191.3884066315259
190.18852011537373
188.82913200244184
187.58752890256466
186.64821634023704
186.18942801741503
186.70140229239234
188.34244252009054
190.7524385743684
193.14293297215036
193.88278704431914
192.3373054349639
190.20376451759088
188.66997807192388
188.14181050699293
189.4156478682662
192.21663799197134
181.61425449148467
187.44907981042178
189.82683691934582
195.68980707509536
195.2408347263751
190.3764018106156
182.9592910550075
183.82351633840338
195.0922291688589
197.67760417853052
189.1810999254678
193.583762332895
194.29004098356614
197.50963474769947
194.9669489656239
193.8032631380474
193.343855524391
191.9646858629144
192.4660086648316
190.66737517689265
186.97761301260724
184.31186550255214
183.47207475880913
181.96680580522232
179.69978899507774
178.58346296589295
178.7298290375523
179.2320973012931
179.9284276818296
180.5691955007727
180.70157185253828
180.42083152347885
179.9554981394506
179.62667448034077
179.7022364586057
179.9130188485919
180.07554910192076
180.1675032997714
180.07646263805958
179.96617534088747
179.9640238893314
179.97155301444008
179.9926806407197
180.02044460804274
180.0067975052037
179.9941211192485
179.9997805128618
179.99957654560964
179.99932783784612
180.00156693994344
180.00008250911674
179.9991074238084
180.0001246325388
180.00028940993857
179.99991707667488
179.99993531844413
170.81085957129133
167.40471055496826
171.44406385642517
171.57117756892436
173.36862168606675
174.34053253035188
174.36558607944704
174.2073400963692
173.75816525979286
171.6504981733459
169.11215512081935
171.31894876331785
169.04126924682114
172.8160101800414
177.7315487665945
180.46467447526035
181.52793407209992
185.77865367924983
189.7917242710422
188.74595674200603
183.79008239790056
193.31431578652314
189.5995767191273
194.65200725029112
195.49969154198092
197.33281768238632
198.61763167618528
199.44632000698866
199.67615377028517
199.6951071282527
200.1043462890917
202.4458415535197
201.79378740157716
201.99978250817082
200.9268021001894
199.8179457438081
198.94677762878766
197.587020202499
196.46787616441836
198.38381134203001
198.88937637490912
195.67834459358096
195.35354936108936
192.55793850439093
190.23353062622203
182.87627443541615
175.4255600640486
163.32193787908034
176.53258754210944
187.23768770354428
188.52298238495024
183.51562094877767
180.18726806484239
176.47984289187045
181.47282416107083
182.52720312648017
177.09196064535107
174.5426896492482
175.73840000011245
175.77757696948046
176.70325074690612
177.67273635963204
178.32742230804013
178.71576940548215
179.19213864581056
179.61496068640741
180.0525277645416
180.26743591455863
180.12973595654927
179.97489309463302
179.92848119617352
179.93174753549678
180.01468194374357
180.06983972869216
180.01260220662218
179.9688508175471
179.97827173704448
179.989957244367
180.01445610508878
180.02691478922844
180.0024137194605
179.98560479612567
179.99182636209164
179.99745737708395
180.0023853210584
180.00611783843948
180.0013643751343
179.99749085548308
179.99926735148733
180.00010581138548
179.99990466767235
180.00037015500527
180.0000995328149
179.9997441802576
180.00001278363354
180.00010128509626
179.99997364351543
179.9999766641509
180.0000106066953
180.0000026245969
195.7088439945328
195.1929307363685
193.40024526971385
192.5532416997812
192.5384564516935
189.34787583561453
194.05424944351648
196.40878511663692
199.6573664245945
200.80745319555567
199.40231079436487
198.47842782421614
199.5171136939701
200.8479997911193
198.86105962803214
202.3646108901157
208.45980423428193
208.1055292957831
214.81756338127485
217.56086949526642
221.99492906377708
224.39630231099048
226.41602136031136
226.83734338511505
226.84357921515019
227.5306317717698
229.72272131434565
232.67864113229493
235.61518559724476
237.4069462747283
237.18051669409792
235.86458280006678
234.39251327849095
233.59823301997176
234.2250544187918
235.353030106899
235.91126288083709
234.96267921076713
231.80143241251878
227.52784899063062
223.29105437572835
219.86594157885813
218.6568992325804
220.69542019635753
224.10258407108856
224.11538721402437
221.2444592997379
225.7075705390668
224.2682474986227
207.63572818544202
201.6731697016843
199.51544686873305
204.14943489210512
208.5500133693411
208.07358434339633
204.73894130671678
200.71576496821382
198.1892632770505
199.52761061540468
198.67361415585145
193.68082789680068
189.75670181101353
188.2762782966689
188.82643143227523
189.98799856274184
183.60963666785162
184.7273248053152
180.9644283228463
180.05767028989158
179.11532501108738
178.43310997312102
178.86681724988048
180.06042080476485
180.803094922673
180.6783171718715
180.30679941752277
179.93547768506554
179.64397464395577
179.72191021633273
179.94258658798398
180.07713272764119
180.14525833357175
180.06661695777657
179.96682458963423
179.96674361550328
179.97723608911065
179.99454595708997
180.01798952804182
180.00594097752443
179.99424157301135
179.99952313266374
179.99981046778962
179.99953137949433
180.00145369930988
180.00007492726343
179.9991268922677
180.00010293059262
180.00030033509526
179.9999219511195
179.9999270502132
183.5978854177078
183.75438461660423
184.38918091785243
185.3030963599459
186.1492467358289
186.30869505103195
185.40910464091084
183.7983602853649
182.19062687439023
181.97980834590783
183.6042197358254
185.06858191708056
185.9909997159892
188.81997038564901
189.0089035422194
183.9957900574657
180.43597865183978
182.01657898095962
178.1531050085927
177.89955170933146
175.84290179439992
179.24264731608173
177.74487384769782
178.7697103216966
178.63095454868835
181.65823295811373
181.18051432337813
181.46874565997544
182.01686769880016
181.60258103431488
181.62297298954286
182.90168806211443
182.5281772681327
182.93339221666736
182.73644608034527
182.43009499941658
182.02195803517176
181.23026813654297
180.3045765982141
180.23603814901958
180.96303639347173
180.65210100793536
179.75538878854567
182.54373898575372
184.44856504000202
183.25092825853162
181.90813707073474
177.7508601802847
177.73759901855877
192.04530333518355
190.99359351548324
190.64981145059335
190.17328680727974
190.81526620504982
194.32187993502455
191.7435808226936
189.63146051819407
188.78348934283892
188.49699543537176
189.7926833317506
190.34478590655652
190.7220188911309
188.45886722767452
187.52387968949273
186.89643178882432
181.39584519554262
182.20521606760022
180.6107746545298
180.02930400602446
179.75118449098508
179.26590522945529
179.29789480211116
179.91790277547338
180.36527456262195
180.41557963643933
180.28495855819682
179.99439232154864
179.7620730494733
179.8053380368707
179.93685564310857
180.04713792311907
180.1125707174049
180.0501975250066
179.9771131853399
179.9764153061393
179.98099736102589
179.99546929129264
180.01402697041374
180.00437374019808
179.9957730220985
179.99978626505094
179.99978658789885
179.9995994036288
180.0010796300046
180.00005444095038
179.9993683684091
180.00008053956986
180.00021183862015
179.9999426369429
179.99995020413522
169.61794156371272
170.5265986498786
173.27715781100534
175.98113522854763
177.28641710430855
176.8574321933001
174.7550658753288
173.01991474906828
172.41986825338205
170.1397797530093
165.8991378697429
162.99165586027814
162.18488064735314
161.9159138434733
163.0494830237512
168.45780624293224
176.87647031564904
181.26695945198992
177.90909302577478
168.53580009007663
179.9770981584193
161.05643940555174
167.83538591974383
164.82304012524344
170.1258716848559
172.49889491161377
170.81307939153442
169.84207226334775
170.47145676447434
170.11350229332476
169.10958384734215
168.18918391233166
167.25716811752392
167.43873634977516
169.10972683462992
170.7230988339837
171.62095738740544
172.36211705958854
172.64951434728633
171.87076734745008
170.6845702855809
171.05740087963682
172.7218171855479
171.42602402996945
167.03724832622083
166.45214161149582
171.5743532637758
177.26405698889025
181.03514646399893
180.9723189363637
175.94046083158
171.7489880078809
171.36644105284495
170.7000047181064
169.95878740325492
172.8597102606881
177.8683159373013
179.03032965332253
175.26436191629125
172.4499083158962
172.45621973049518
172.20101753134
172.3650299568218
175.40557921993974
177.76337049378225
180.14684067542726
180.84551467490405
180.61169868729138
179.88610218664354
179.3777910240143
179.6921761054821
180.0877669928245
180.15508951846655
180.17188070111058
180.01511552882008
179.85906599992236
179.93354513918604
180.0169785221807
180.04678056056588
180.05950580361608
180.00183645041577
179.95662512178106
179.98004824489684
180.00092531731232
180.00674860130644
180.01239799756144
180.00257595821023
179.99345515107495
179.9983337632553
180.00117207712856
179.9999417504516
180.00052126342933
180.00017507889703
179.99940722942148
180.00001023446154
180.00028924118934
179.99994960084462
179.99991287223847
180.00002724477062
180.00001822966823
168.17841148450682
166.0926717537662
167.99242377793374
168.0892050226799
169.32926846563228
169.01355506238042
170.64908634666168
171.11876989404698
171.834580693285
172.22635630643717
172.4082259724534
172.87048567300445
174.23710564256078
177.32220103453284
182.12815979157998
182.37686940328322
178.3508448533384
179.47936535139672
183.41126101573082
185.91333883288013
187.07486045257303
191.43686546941444
195.2155393899208
197.4409274132334
196.43021243639552
196.82304174279028
199.52319958465853
201.64959156245945
202.43519304821157
202.06945543771377
201.36243855379544
205.2268638918591
203.38660294664416
204.18793656075007
203.8020729375444
204.02966513066505
202.33281264556243
200.37437337756035
198.04012879734796
199.1039990632699
202.89383129040215
201.19185327795313
195.14562554082516
192.8370485105876
195.871424629441
191.68036794880268
182.26671519825703
172.80578839296234
170.22629594934722
181.31363334459024
186.5861504717992
185.11654951832142
180.0705952721282
174.64398450828367
178.66481887023178
179.70473428617842
175.51295494025808
173.48952104778604
173.08925448458274
173.47836793082476
175.43080535829523
176.981135317414
176.95541115105445
177.22908957344887
177.54683618858573
178.08383856664113
178.86226333794966
179.6795968743927
180.14175582367403
180.3810085229907
180.37446173407315
180.18487409759297
179.99684632530094
179.85352837035367
179.81462295075298
179.88905456751104
180.01035800572745
180.0945157735625
180.08223590683096
180.02892482458836
179.97971015640394
179.95262208026955
179.97826258742444
180.0086104595821
180.0102259878173
180.00879018315774
180.00198361165394
179.9938477209056
179.9981045156651
180.0017694979368
180.00007766194642
180.00013514568278
180.00017796628265
179.99951881819234
179.999979069233
180.00027559041794
179.9999632568878
179.99990882340987
180.00002518874672
180.0000211025359
166.0265432778439
166.22341915914384
165.94875233854526
165.6641060684049
165.74907223309185
166.08539839679946
166.68590471628298
167.1997877535386
166.85773492895197
164.55213081216422
159.4414433390978
151.54628133281588
142.78475184655142
138.47368012083788
147.11857795273164
154.7594335798325
154.02912642077402
172.24397174632375
169.70990846236603
156.04565741732668
164.64437317428334
154.91456840295584
148.688349960785
152.70362121323714
154.47605309297265
145.00965994859456
150.51662617962975
148.01583985804595
149.265493395025
148.00682213625404
147.47264018955403
145.02296335070045
142.90253138759164
142.38571336876873
144.54537965331858
147.9608168076476
151.50868117769704
154.25220176690902
154.98884375059976
153.99146597440622
153.94023488199946
161.27957915247018
165.96459085270132
162.67832322487644
147.69491940688434
144.76737268148779
159.4157518203079
170.24635044829228
170.85424677051935
168.57225713085302
167.81323477592318
169.38380372051648
177.3214024116932
177.12112364012538
167.37336858667993
169.57477820147707
174.25502323319566
171.7540153725492
170.04680462211527
166.2146190445643
166.78464326135153
167.1405961319075
168.28751088993866
171.09123243678044
174.48338377631563
177.29811109085182
178.9862716756728
179.81858142124602
180.0653265494698
180.10094390571405
180.34470866162926
180.41918698636485
180.16660192532416
179.90319232464952
179.67774766554578
179.66381205612893
179.96092550730845
180.1939291319839
180.18634277181195
180.098002903147
179.9643049330814
179.8781095919887
179.94578367608025
180.01856160486366
180.02344835329623
180.02436230242319
180.0055826769122
179.98409872109104
179.99532449715696
180.00415832600788
180.00007403448961
180.00054313148618
180.00047055029307
179.99874160067222
179.99996158781806
180.00069082767072
179.99989972069233
179.99977786590236
180.0000639383682
180.00004971855282
202.60797908954268
202.66552534397792
202.78767370589105
202.96828368841437
203.33490217957734
204.29600049457434
205.92030122830866
207.6390858347501
208.94327158460777
209.36222773963712
209.34025543657557
211.43232081380603
216.91020967690687
224.27969986942014
220.08867873110637
224.79367947347765
230.34764629806168
227.37747285916078
232.74296653488307
232.2905208200186
233.53868544773866
234.29450924456495
235.17632247327123
236.22478156273698
237.35394664923146
238.41002011351088
239.26101955017418
240.006995198459
240.6365701453428
240.99183558301064
241.04451708501873
240.8211311799056
240.42159900489446
240.1605452198774
240.2206660796403
240.46102804001544
240.74001625438535
240.82908718676532
240.5687324908543
240.2095887785816
239.6806987045743
238.32888264795665
236.06927270514075
233.59708599101958
231.25285039982762
229.02815281500878
227.38290791119303
227.0509371846361
229.02568225773175
229.390735541196
227.612956361853
225.46046805118033
223.28935592024246
220.09565730551282
216.27375250977835
212.4876289802723
209.0179516469737
206.45545731055913
205.50903467255284
206.81692354569304
209.40674009209346
209.3806128253223
205.91564707270695
204.2745784271701
201.95945082342269
183.85107142335175
184.07970264039272
179.34169044758264
180.70959228436016
181.29761367204824
178.19653047781716
177.34454888710525
179.59860014957297
180.99039519119552
181.16376473073404
180.96702027163965
180.01660185015132
179.24022921803424
179.43690639533813
179.83399113795699
180.12890832327963
180.32665961268492
180.14983488652973
179.93338791232583
179.93093541773575
179.9441313164652
179.98636526154036
180.04094012156654
180.01290219374934
179.98784227629307
179.99942113452332
179.99928620332645
179.99880267256594
180.00316458329897
180.00015555068626
179.99816369471804
180.00023935553284
180.00061140659847
179.99983250753726
179.9998576444412
174.37126306165607
174.62709863164636
173.9985697182989
172.9454930244748
171.9055838291828
170.95493389268444
170.2717127319467
169.5341441301554
168.46680416942758
167.2040641367627
165.33488650434379
161.84634644226705
159.2534517543957
166.0766400654864
199.51212348319706
165.86275555539046
170.35309866498818
171.10272531188548
174.77974131243462
174.36377126477393
173.27774962357546
168.5114424915921
168.7172558693109
166.90473617879394
164.80426303944867
164.19878025515564
164.6318175082617
165.61797737905158
166.77558657555883
167.14520432242412
166.12096198265786
164.260370465668
162.33629402792695
161.5345896674341
162.69709523950297
165.00099992097637
167.55984205698147
169.41285938461675
169.64340211585997
168.8499212251043
167.58021243812786
166.05263038347567
164.59840925925
162.50323828407363
160.43424355474232
161.90047575667325
167.72141170133165
174.29211209012126
178.05166584579612
174.3296440176202
163.58273303649727
159.0582197853911
164.4093388963889
164.38726171670152
156.94741904015956
157.00688865428626
165.35068175298795
169.48084493055268
167.6613648932345
166.56448817315555
166.82564730475545
167.39232345116162
169.81667251144899
173.35461675625154
176.57311453768284
179.00518610180157
180.01916388983994
180.14694059233815
180.05651023502523
179.8850616249951
179.9981425810166
180.16743884509353
180.12735666647146
180.0384749497781
179.8820318205698
179.80675233128272
179.94406751077264
180.07237457841495
180.10361836924923
180.0823104163952
179.9904478589816
179.92650472393976
179.96193578651742
180.00185566118367
180.01417543758808
180.02148829814436
180.00496539805715
179.98901952888954
179.9965925571513
180.0016641491114
179.9999171759078
180.00107316642044
180.00034827191894
179.9989236898976
180.00002179444323
180.00050574140053
179.9999033660167
179.99985495207937
180.0000488981525
180.00002785176147
204.94428152204304
205.0774376648233
205.76892030558903
206.74611700368828
207.7613789565981
208.6862422892302
209.3976656815821
210.11625274682658
211.14063084963132
212.7484825268109
215.19009425187485
218.37622811611777
221.66098078949375
223.51181019406323
223.66875932676612
224.92762536318685
226.7991627528827
223.33168820548968
224.72461756140413
228.45401262064445
229.28798984149665
229.74204407728487
233.4243010879781
234.8388792640347
237.09297942248872
239.11684868556077
240.16373999858052
240.8178530061372
240.9144929551336
241.00902653329257
241.4218406252547
241.90328495032603
242.30501829621542
242.4951553338525
242.25638906505336
241.70004580604305
240.82413162899823
239.36282596249424
237.71653161934913
237.22945702948843
237.835689455554
236.97050920669028
233.89697688813408
230.8997738714008
229.05286466883302
228.66754396252736
225.5646497964042
222.29537008672725
219.30045411627395
226.04711940355693
226.0699865545683
225.42520544701648
222.41755712130993
218.98792722719284
218.95922138861658
216.85537471672626
212.68031305222286
210.51145251818232
210.88211550268014
212.07955757038565
213.23960061525358
212.20363602345992
208.38808238503194
206.21972847350625
203.17722475221177
184.32867347049665
184.1257494263841
179.26948759063768
180.69122525161347
181.38468241646447
178.1426489415707
177.25438477324522
179.6083862523514
181.02887137183788
181.1715205104367
180.97559202191172
180.0377267861389
179.24522950929827
179.4103413363406
179.8054445190881
180.13124906083237
180.34584456056191
180.15918027064833
179.93380123050636
179.92737761148894
179.93796450904298
179.9852205081607
180.04410367262324
180.01371886777736
179.98729222651795
179.9994290322441
179.99901283611933
179.99872649765837
180.0034692005511
180.00014851575253
179.99801436378854
180.0002646972449
180.0006571032773
179.99981859016222
179.99984780209905
171.7697593130569
171.8933150463459
172.61804561169416
173.78370286542827
175.0941025711217
175.95439946097565
175.7853322846574
174.28273802347314
171.86288563601286
170.34847999898756
169.63867392315512
165.69301178034135
168.1735759583243
165.91106133925936
164.36690880879013
170.03196813164647
160.07699562678533
168.85240891993206
172.55945097268116
158.58063913732582
160.64732206188503
167.87209680199572
162.28090752161242
167.5329418311411
169.16761368340696
173.62243324195705
174.70075880723292
173.31388003943707
174.55623375749147
173.1972843377075
172.50328075063987
171.64043570811356
170.70401191037195
170.08761861039125
170.317968133107
172.54339980198418
176.07351387310968
176.63206318269062
174.36470768741336
177.455594404455
170.16912308248422
165.03042726973467
160.41023811891932
172.80837510154896
150.17319472184644
198.489904226547
120.35327636717216
149.96972315280803
159.06071215533257
176.51097585517917
166.10718424215878
165.75272694530835
176.17569032883472
180.4142226018253
176.72841330835158
172.37983940947882
166.2747066011318
163.82011435235884
167.63351005168911
169.76669737915452
171.2990983859831
184.58749044228713
176.86222963906866
179.84344027022203
176.89619777569163
176.5600049622367
177.59282026629486
179.23722183009167
180.28511785231686
180.90023227441932
180.67491193340538
180.11726193994562
179.8712784153724
179.72858136927314
179.78166245293676
179.9704325462589
180.05043558248119
180.08573495893057
180.0686592947101
180.00519508318425
179.97577097067156
179.96932179203992
179.98535717732148
180.00817275146585
180.00887537314193
180.0047093374079
180.00033828179625
179.9953713914195
179.9987422673542
180.00189461495486
180.00032471550688
179.99991789926543
180.00000505836204
179.99957258400468
179.9999832838249
180.00028924057457
179.99998001798485
179.99988746331374
180.0000234406223
180.00003160337064
156.7000532965042
157.43445148542355
158.71546032348354
159.57044334120715
159.47810128095202
159.01203548538032
158.0358703039984
155.48108364504466
151.64932071435683
148.51143587021218
146.87666683924581
145.85364109308293
145.0383347882967
143.93578963884204
141.2997988143268
136.0423143143928
129.34783010981207
126.41989310148368
128.0232723111605
126.0748183644662
119.39936590337504
117.59438836092731
121.62413245830223
122.13342063131867
118.14640566275166
117.0504302753722
119.38863574610765
120.13399795826646
119.12770893222067
119.09487168582011
119.88890806291954
120.35873865343048
120.64947571120277
120.89646550764014
120.86831297479075
120.68499684761464
120.35409880651085
119.48094310090464
118.7965605810032
120.88433763586058
125.36013385369577
126.51753139759431
126.79102520538301
128.41722590448933
131.94530743062796
127.87067789082369
138.07406843252275
126.08413265080688
128.78635234988315
144.4644637368802
146.1864259083416
153.4198131641805
148.91010726281314
149.23617817729055
156.39837137672515
158.69640773564123
155.08881384161677
154.6409441435151
158.17359806044226
161.12899235107946
163.2190495434473
164.73059273217564
165.0958711874021
166.7351544129003
171.1906788052212
177.03105547594348
178.48456474990994
180.00120265932907
179.58963447557034
179.5790513057579
180.95248873522814
181.28569042021158
180.0776351486546
179.40088844912907
179.52151215187962
179.67889521881511
179.9694374715521
180.2757021957987
180.26384640944133
180.1057557108501
179.9432894648144
179.84664276755035
179.92785312218055
180.0241014888381
180.0322687663653
180.03108600548953
180.00723360775098
179.97967939707067
179.9936085677431
180.00522505702838
180.00024855171537
180.0008572434707
180.00056692258553
179.99824965722556
179.9999626149114
180.000955593868
179.99986238455756
179.9996907624999
180.00008786942888
180.00007018273794
