183.00440586378306
182.97398052069113
183.04726873133902
183.18814206064582
183.35337500011676
183.50068339096262
183.5868239921374
183.63047512466238
183.6486219356423
183.64262465708921
183.63587305152095
183.63880150978812
183.68285595769566
183.84808889117744
184.1610203850258
184.55784072665114
184.93743406581635
185.119790759732
184.97868493334553
184.57310174741147
183.97657832854878
183.30527073341972
182.69328706284466
182.13871565489208
181.6994646268049
181.5313469087463
181.67707811049704
182.08166465219037
182.5967701655556
182.8694599796689
182.1224042892418
178.95889173391922
173.83765831119754
170.7521193607307
171.1909289462972
171.93098701782986
172.12567983901621
173.2942548547404
174.47843782434097
173.71789069820014
172.3423684031317
175.8089451016856
182.25237338255155
176.8298665004344
186.77032915134393
187.34657444840397
190.30293817531683
192.48690847271874
194.20839270343834
194.80997120699325
194.3348225230413
193.77844264926637
191.3106748410046
180.3826085833339
164.75865930657704
166.57222676793992
181.35658124102025
157.74771787949777
166.6898549323207
157.87979292833742
163.31252502932998
156.79113662341996
158.3271315119839
154.0636510681972
152.21935517222306
150.7584070029995
151.00508062084592
152.3471915191103
153.94633808881684
154.93236877782104
154.74203126304778
154.52312747901692
155.63338990504712
159.55233863969116
166.76801638141868
174.55338247050847
179.16597086847304
175.68742624021382
165.51418187486618
164.03153336777513
175.41240956246017
181.95398399267782
179.05887824185857
178.59312335637762
184.73932745706085
202.25949383354614
192.7711171158807
195.42877522844913
194.21914071990975
192.92569046173486
192.95564049973228
193.61575662058155
193.94116024529924
194.0077019968626
193.5014130250106
193.03107934518368
193.11931276376149
193.38928870703515
193.811264829998
194.2939742767363
198.024642466016
197.76736147844431
197.39281929623178
196.85774637293747
196.18816526125835
195.55755315127226
195.0650430885809
194.74796001181434
194.63932970419464
194.6768714022325
194.7956657757215
194.99989402192995
195.2125614236606
195.2736931039116
195.10260426342123
194.7169436945481
194.2591983482024
194.12296347734392
194.44052206797028
194.74443065356186
194.93330705164834
195.48695915757787
194.6885010971583
194.19803685766013
193.72713949730587
193.88905184159432
194.95506086971596
196.521555301107
198.05480885089315
198.8945530300921
198.54876521795197
197.4393026482287
196.19792642540594
195.72572328898886
196.52693166450135
197.56349912798268
198.3971762931158
199.75343482306536
200.4630458519324
197.08609842065226
197.052385319924
194.38938697754293
192.3737190878122
189.37359441466768
186.30593459252478
187.00667762582714
191.0339359070384
190.62284020351083
199.17649353674594
199.77400611850186
198.161904000987
198.65829351054919
200.7134467969303
192.09485272557922
190.4926288902866
201.94211378570844
201.30960704211412
197.4368326124822
200.01033297686467
200.69490916928066
200.19768767392708
195.95658866944135
199.06570554879116
197.92420973846546
198.24945743206953
198.86998181361096
200.02076665895487
201.51583791972263
203.10496521456653
204.00045093684216
203.73338327632544
202.6528033192292
201.22840385044051
200.34830548734834
200.4947309063047
200.67807469087612
200.77276460125944
202.1602884517301
201.52732768698237
188.23690354215762
167.22126818704282
171.12593427726193
185.93029300875156
180.03004631254996
167.4487797136137
170.99370468768296
169.08592799452424
174.38112097481923
168.28962752451557
164.38579605651697
164.07959141765036
177.76643491634687
173.1402012883488
179.03826095805596
179.899325551631
179.88790315155467
179.59777814444956
179.33644302512147
179.69566768366334
180.4632710038599
187.9908173013024
188.14409815962077
188.28689615058883
188.46746083504462
188.6867312229925
188.83397640671225
188.86521600771073
188.77866772455084
188.58428798976144
188.38014974936678
188.24102231992995
188.14808341098723
188.12090825418954
188.20092915553408
188.37041814126437
188.5815033298508
188.7201773649952
188.5519702019908
187.9678881095677
187.12905489070917
186.31503959283688
186.03857577022296
186.54903350452017
187.35764842672032
187.95520546758624
187.78279488225618
187.25552215583053
189.11975082756445
193.6151492168914
196.1109211091795
192.73056095858246
190.19972871025695
189.09631162570957
188.90541085677873
191.00467529927374
195.9817859988278
202.52666662527156
208.08108213781773
207.67454480758042
193.07951535653956
201.19559076587726
199.54669638318128
202.96852822081453
205.7366524473724
206.73752713429874
210.6320442277301
216.54635806442587
214.38032953117386
222.48505042161446
213.70669267402332
220.53945036657439
213.90270560331132
213.6497451615769
207.88112645628442
207.7779696171935
206.98893252462034
207.74358307433394
206.8887402659357
208.30467680232562
208.38397794063425
209.0458895303379
209.2142170809538
208.79371696990856
207.79463599071312
206.47442053293207
205.8536856413668
206.41689077188454
207.4177087703578
208.5489622926777
209.98031419022305
210.9114614622455
209.75394766458217
207.44640535412023
209.15593823585922
212.7172154064999
202.77255561128032
182.79225822684234
213.23766519240667
196.76197590213212
196.81344430553168
207.01469694369527
204.28912240426774
202.27557083573376
200.51026139373624
201.8183507088485
205.72007867285544
206.40835542659437
206.41701505395716
202.78022004738284
200.0299129582141
199.79372656172782
198.97689259019342
197.21293752451825
196.03076483291977
195.296048050398
195.25203761470317
196.2260171729699
197.1900367965982
197.64118856589602
198.07314488756114
189.86045401269246
189.67336028505284
189.66317006381615
189.70666381002482
189.68512069106598
189.51233046939558
189.11318142409507
188.63376058202664
188.24512401487723
188.09613970540738
188.2996299752976
188.72063055595015
189.1644580259138
189.39944026635322
189.2578774692816
188.90648218771645
188.56215023402262
188.48694179054746
188.86780270426559
189.46032070674246
189.97597959392402
190.1034043035791
189.6094061946299
188.7729004059243
187.9403699134347
187.48883144129988
187.71963222237636
188.35536215367972
189.05577621440457
189.4661544734989
189.25055745001382
188.61061546380466
187.7433728962558
186.7442376353972
185.81955245321106
184.9195838850533
184.22490245423876
184.43145926214407
185.56905262177574
186.62436935801531
187.3111979386779
188.4740589835575
188.85877014970458
184.11906704582603
183.66600793938974
183.18911601953144
181.0443018734758
182.56281257436285
183.39169306572313
177.8990556213364
183.82564195419585
182.97651868278288
182.62227426128018
182.4329366636381
182.69313043556582
182.35213173104637
181.4513367697567
180.43693064406295
179.80117793460823
180.96478440135837
180.33271031264593
180.97370658002097
181.1498098699241
181.4715897108762
182.0221437647179
182.73752162005482
183.60715843551773
184.45381403857945
185.04334376335373
185.20574787709415
184.82173018993012
183.98968725966122
183.00322721017994
182.40142411703587
182.35100410922547
182.12002772708053
181.9095824131601
183.56473481306722
185.63886527650544
181.3079859372292
173.65905083811307
183.02336269701416
188.3138098974317
181.6348573796567
178.71431347015275
179.43630117704896
180.23216086232193
183.66699087496568
182.016239841974
181.70982547090543
182.27772170909392
182.39159342042427
182.41039256840367
181.223456334801
182.6828421589524
182.93616807646617
183.5094548735904
183.65336831849172
183.18735351009954
182.39987319357698
178.23097790098305
178.12071760008052
178.05420445621297
177.97273051147013
177.84786208934844
177.71475396986057
177.57968435508803
177.4863074313496
177.4814954691626
177.56690503372027
177.7448138812352
177.99613876446114
178.26585651660974
178.47404401448065
178.5691485019314
178.57482270662422
178.53558288505513
178.53336919052353
178.608317906084
178.652460614543
178.5416912183158
178.12675898416344
177.32660575441145
176.30997799844923
175.30861000292307
174.62957450525357
174.45919046764837
174.54652937400635
174.5388423520566
173.94494294234156
172.42324270520973
170.29610221938984
167.97009776827636
165.96090153212407
164.74317290300587
164.12685301439393
164.0295294727081
164.60830501724845
165.67632657330785
166.97349265816496
168.34034172028535
169.65496695454485
170.3457685618624
169.07232158218733
171.0342200694326
169.50792136297156
168.68957741810934
176.23151362306893
173.0946644182397
180.36376415002223
171.8417702586638
184.25719946303087
170.0620770336614
172.72572807781992
152.10742454750843
147.37873499348777
145.1178584810152
118.98321977837053
130.91071028273052
128.4902989283034
132.51340624235903
120.54131189536609
130.0796471205006
124.31217407871374
120.20162702211225
117.53294111319023
117.96061380793077
118.94662005027222
119.90754096416977
121.57588003690948
122.8937485039683
122.63523707969435
122.28502468453479
127.06272686107688
137.06931230674667
142.72394143786022
146.46118489476464
170.79111076379627
139.49444656384577
131.56707904149926
145.8753747941415
152.16202125495448
140.18915768488188
157.24618521855962
164.7177946268153
176.19677708830883
176.36792092007764
174.70570054159967
171.9866979673741
169.92107706730062
171.54354579719208
174.41520465572376
176.53447775530742
177.85194779260019
177.3757701493695
176.38691972286466
176.25234708600485
176.77690527301937
178.25865108047145
180.16028405254065
188.72086071823836
188.52814485569266
188.29624857326027
187.9831959941907
187.58581594619994
187.17794827347078
186.7950666953677
186.47965414355383
186.2689282466732
186.13794061680622
186.06944591172262
186.0674788033255
186.09394654989384
186.0793370859649
185.9926991189145
185.86068907105675
185.7431452223201
185.76592751839132
185.990340519882
186.2991048331802
186.55008481548558
186.54741131662934
186.19263073176654
185.71930933766143
185.43927565638924
185.7693976678739
186.9658960625637
188.7032191865034
190.52522629080443
191.7963130050064
192.0491975559311
191.64417995250625
191.0193538378046
190.70686276776982
191.15311041260097
191.92149443293894
192.5750354787212
192.78045838885282
192.21160628410348
191.29507126809935
190.49381172580524
190.1165946485505
190.46378505163185
191.2031243078835
191.8968136311975
192.15876084933905
191.74028262810765
191.17720438992382
190.95251421993459
191.2592146129306
193.00930401994307
197.76017113208212
204.24674780504338
206.33992933576704
205.082216012011
214.70412247619097
228.87214798211534
206.23125135965518
225.20248196001126
217.06172952784345
215.4929921855076
213.685408462075
213.1487983713889
213.62799712194757
214.71825980819403
215.67451080291687
215.82044200979558
215.8027288058395
215.97793496621364
216.21173414321808
216.61602976262284
216.71410358374186
216.0680885332174
214.75463363952207
212.83348248567376
210.72522867661476
209.22782622184454
209.34856723419406
209.19848495216232
201.45567692257595
186.4039353791167
178.70236828628953
182.29496949315117
183.5045050876845
178.70839834865689
174.23038957825557
170.27539252389
168.3863150822188
170.56769511759654
171.35988997541648
169.06608795766894
169.22286973756556
172.36956655549102
174.3119116894893
174.67209279407265
175.34646206191334
176.1049254261704
176.21566641516583
175.94808421710238
175.46789774382606
166.1126563151486
166.23651056268594
166.3089818165139
166.38311464752704
166.50223432275672
166.6919966217926
166.97599075455437
167.28214498321782
167.53111045309518
167.661234037338
167.6274544487332
167.49091074853777
167.34754711330143
167.31886625459967
167.48854022787677
167.77700655285176
168.07453334882
168.23471547311487
168.14549109965645
167.90448564347892
167.61610663731517
167.38111500423938
167.3041179642698
167.3163154268459
167.31159248153514
167.15411449294587
166.43734211013071
164.43976145425964
161.86101364840587
161.98980162299836
165.38128977331604
167.4581305945412
163.1526012832371
162.03699199946604
163.7463280773087
164.66267025252787
164.38748953386664
163.9416513657675
162.20007095600414
158.20552279604414
152.71013558091605
148.24289578117956
145.9570868330616
144.195731270146
138.974299649718
177.6665201903027
163.58769780234604
163.0987066545359
139.12065305979587
125.0854132564729
127.1616407514309
120.31575056564186
102.0736154575423
97.1994514804192
103.81541347475896
93.34288143697351
75.94003155641985
114.15443381865583
84.34999752807275
89.29798946805393
86.44615564087746
83.75023411510458
84.7111470050909
86.63793934545744
88.35822590736099
89.34449703865499
88.72348916115592
87.38303924118587
86.47074765868669
86.71154621256537
88.42517233795368
89.78800270435569
91.05698838676112
96.85712301284053
107.38619961748297
115.95816734629791
124.2795792810897
146.85838481800425
123.13275382630967
103.40937699019699
99.5434318106202
135.11518366151097
129.60201032367493
121.20631772604364
165.69554785811388
161.44618797553562
147.61922449319607
143.4873233543521
154.67761247744022
149.74376643856723
147.37040898269154
148.50680164709647
160.87885778954205
167.46115816418381
166.25139699813892
165.3205678246913
165.61421369091818
165.19424019322824
165.6904219173825
166.47702126174264
208.64668077504575
208.56851180675736
208.56112713282408
208.57459528303536
208.5637744638875
208.49907888390587
208.35107053054733
208.17260864110943
208.02305249275193
207.9464129524611
207.98117459981444
208.08888509620223
208.21351486603248
208.29506816203025
208.28596673593267
208.2285089884154
208.17604964717182
208.18587518354238
208.29014938536457
208.39732259255587
208.39450859597437
208.15353655508397
207.71913540510903
207.54712496755457
207.84053201773332
208.28114303580304
208.83210500415677
209.73102349108365
210.72218914679667
211.0494656184564
210.5627611411546
210.07384855460398
209.88082598965727
209.5610361868157
209.2663833063908
209.5122132821384
210.35750427758992
211.57385074196455
212.8323778484692
213.4231623254362
213.49751390034874
215.0581994567998
217.104868784742
213.2355440198526
207.7945618828054
223.6421657681098
234.88753228005234
228.58618703714558
235.29068376128745
242.02551831702652
240.02462737674014
243.46946839562588
240.77012495426277
237.20305789954114
233.68201049732798
234.06764380108538
231.50215519872026
234.96828706117265
228.80282091455885
228.66591693370754
229.61531612086395
226.5242512334046
226.90287063976902
224.73712841503445
223.32674428368767
222.12894086912084
221.73447394799908
221.90722463255122
222.4995275069803
223.4289924233748
224.5225885123139
225.9608524570297
227.82179467237134
229.91538456239428
232.37615611298733
235.66473571024582
238.97298520453964
239.38381983443298
235.80070814526712
230.53639415615913
225.24533090610112
221.34967954779836
219.79931047078148
217.96527518269153
215.3327563932562
216.1046705606713
217.39716708699274
205.85120551131646
205.16445337179647
201.2249123082821
194.67793416996517
194.98236559629157
197.76587856107494
199.27308325566253
197.77732383457194
197.98468406142072
200.56712570923213
201.83924682821996
201.4728552944151
200.85906528279145
204.63016937740088
204.5726541200264
204.43925494224763
204.22340369843607
203.95495011606357
203.72941223109945
203.6054842802058
203.5767662155937
203.63435983550306
203.73284994655833
203.83612382722663
203.9885985403757
204.21118870715986
204.49543021247948
204.82420186313573
205.1037619801427
205.21598723573237
205.0360060886247
204.5093156301622
203.76777721473937
203.0346894762735
202.65546209992598
202.82963985964793
203.31844161643073
203.75413177099963
203.55090076680222
202.36965888827285
200.72410586692706
199.02178268506358
197.46551194788853
196.63839191487614
197.11465723094287
196.16884741571252
194.56921478199587
191.33028412226994
189.0223292725849
188.36155916666323
187.03170901911955
186.65236559214338
194.40743558201834
203.1474940726374
181.84656011575692
182.38318193925357
163.2675931290444
135.08611729086195
161.7892783424315
148.94394687452325
167.43666284952448
164.27788697187634
126.06207259667433
157.46663227664357
151.5188020612777
142.2886328597798
102.46906562733115
124.6335933641104
84.7250831315978
43.114806552267254
94.18217814427226
69.58231745977537
62.74540557323855
59.23203119111245
50.29139989186412
63.88503994081408
69.44138820632988
64.23946803960168
63.263523278857974
66.64492939919259
66.68555055759029
64.80560057249018
65.12674740457855
67.06851031641942
67.97209388490685
69.22300701448704
77.04366866576841
91.10365686448516
100.71581746697188
109.9129703234507
146.73912185740951
135.03811694175556
94.69237138956132
88.78366144196525
152.9113582346228
125.46997469058417
123.05838660063958
164.9210730612497
165.02755311878948
163.90526156828332
165.16124866266412
172.98609588875252
175.25602551575346
171.92090062621412
172.69841911633813
177.63522205840758
180.12141376350985
179.78427062957832
180.8603868043139
183.4553415070886
185.1771265069281
185.98256344639145
186.38036344143666
205.45360671622305
205.43455776181577
205.48154695068334
205.56919568698063
205.65976238518235
205.70052313036678
205.65396196421338
205.55419790313712
205.4421820952473
205.36691865874315
205.36910350079307
205.41144572259097
205.45533975730314
205.46943519124235
205.4276845612792
205.37904268004354
205.38148517143674
205.48893463272034
205.72047317176734
205.97060817672798
206.09780265143763
205.92663852754555
205.41533749340417
204.8679587859639
204.58162257342008
204.78883024315437
205.75480905432576
207.53021875000266
212.03502694275778
208.6572090378856
211.84295165608887
208.30456236061914
207.33660726330814
205.96938810118883
206.32020367234486
207.70269770552986
209.4721069239088
210.52933274701078
210.45410740734584
211.15509506668957
212.48665847753682
210.57150020252544
213.63773082485488
213.4578463941164
214.05814895067863
218.05418801873165
225.73681063619122
231.68774394745745
239.48029731975302
255.18514051874982
243.09799058462087
250.542164237656
258.2746297018212
258.88055298754307
249.6749099328652
251.93285552227877
239.5440398378076
252.09844348529396
241.41460433985674
237.73292245558403
242.2976157899669
240.0765127458526
237.85998360437165
237.02498934955128
234.89609859215463
232.81161591405242
232.56861159154076
231.95272923966868
231.8185291980716
232.33543957003712
233.6065283921693
235.5993125721623
238.1779529897907
240.62437167351212
242.67728313083015
245.06235806712024
247.4274803425276
247.74360461624707
246.54647203174267
248.43830924922204
251.11065196234244
236.99655987470788
231.5959537347076
229.03623582804298
218.42915881159325
214.8065011141181
208.95941447532613
206.30492121496093
206.28753740751165
205.58327553593892
203.1663286804543
200.74822437340026
198.8260085843491
197.62510715392756
197.82256293172208
198.57101015172228
199.08147132820773
199.23199328065036
198.68043404423986
197.78576124142623
170.8975854153761
171.34141459170624
172.73244316630615
173.7393823759043
173.84372932729698
174.12870262281828
174.601051047665
174.0967565054396
172.77886846098744
172.08830159261592
172.4366859901615
173.05194411582548
173.65349681976747
174.05176491922674
173.87406165166124
173.42816557371808
173.04572421437638
172.86101679489892
173.0710558095985
173.4680646020509
173.82021402499942
174.05927804547017
174.05981465448266
173.92306136891116
173.77954670702826
173.65208756295795
173.58460301105833
173.47136889995826
173.176568064953
172.61648374110294
171.74223739406446
170.69268298622197
169.6757413547884
168.94328035657244
168.58655221724914
168.24274407788184
167.38288747806357
165.25526515240136
163.06980061590198
165.89966250989113
173.8520616869596
177.64788514441184
174.43700862167898
171.6327561785545
170.5144287252944
166.89841468801865
163.83743008632652
169.9460820751907
183.51579456850806
187.86466316001687
177.7580828272594
166.90849100899038
159.6056108142473
151.7568705202313
146.20736708325896
144.1936446798122
143.40238783267955
142.33935992151686
139.60973929450694
137.1559291692438
135.68805353573475
134.46517062804747
133.6262191662181
132.81754246116375
131.7276627558083
131.454504662824
132.41744687765112
134.03872816824713
135.90804185858488
137.10906354283998
136.8853572327631
135.62477043099975
134.08128283269275
133.78355869371765
134.95933908989778
134.44870523480947
133.56280514384108
141.54641311173236
158.94166874976796
142.17988868859038
150.72218751427675
156.06299538971842
170.46529972730613
163.40569315217627
175.86527220727473
175.2539744940675
171.35772018721957
166.93440772946153
161.98726556733973
163.44434376767344
171.04104827809732
173.06300070476658
168.04388171126058
173.02909092205823
176.86845957382175
178.65993020976805
176.7366116778685
175.72001138546386
177.86085406093233
178.82760449035305
173.89066916508625
172.82169613509555
173.8296218828967
175.5593048300462
176.21057455108019
177.2614155952644
177.20910041571796
176.66708824590526
175.97486773949737
175.61566707715008
175.9949454387344
176.7684978609537
177.60347983540615
178.25532825266922
178.44022298267367
178.43388475286238
178.48549732205404
178.63153746756865
178.9655354471147
179.23891286916285
179.1502827473098
178.52147258747223
177.24100078051308
175.58983810117843
174.05777769371366
173.32824278269433
173.69015702805618
174.35777493487072
174.59181366924503
173.82507384400935
171.06788832559695
165.45691298786082
161.4107178750817
157.51572581710917
156.32229240102978
156.42485806723354
156.6702130801933
155.6991345546463
152.34831599244626
147.65971178169073
142.72086187830243
138.3826853162075
135.63638856911152
133.86264816089476
132.43211801130474
131.16604692531195
129.930640043168
129.99598420423024
131.124738130139
129.86494304664456
127.68786736573045
131.67584303710512
139.50591998507764
131.60913625424558
134.51509389481618
145.57932082461468
140.18874963459984
133.40085070631127
140.64615203127107
143.03754045247868
143.6540456239468
140.38311224356542
145.41663839816198
145.1942064160623
146.16882156641836
146.59417493206033
146.31485848796513
145.49054763838134
144.49707327248385
143.94218679708135
144.18235104911008
144.75861105942386
145.1513535404818
144.7049126717841
143.0350133608116
140.95475710857124
139.8602459715086
142.01459748988754
145.7950859066073
143.7428584204201
135.59484704817748
136.042833674621
146.2352418648094
145.89239286818315
147.78020622635913
146.27476632048567
148.70971272106112
150.59737854871148
152.173170154836
150.46221163606103
156.76571839224044
154.0612521800588
150.99019351149883
163.78259154647557
156.40545366031245
160.04322428754202
161.13441694687464
161.5877250756671
161.75126259480317
161.336489213943
