195.04195474243727
194.58015662400533
194.0232475955624
190.4692825993201
183.35315429013218
177.59600639541986
176.19730861394086
180.03362694285514
177.6323106130657
179.38369423524978
180.3450212624275
183.6918296211005
187.7288328275187
182.54601148526032
177.8765122305939
171.20351612754138
168.54748308498955
162.4149701637305
155.23459984238133
160.26759407733272
160.84931393955569
157.35817942832242
162.90023735367748
153.47108679172322
151.3266261658163
152.21055184378775
146.30400712961898
145.62253940560348
143.086574251662
141.46974998470478
140.793546344721
140.94355256841172
141.7735509872007
142.2615405762581
141.98181001851097
141.96690812374428
142.42742697216707
142.45610864644652
142.08941048320565
142.09364005185645
142.9111360510786
145.13183250958878
149.14145434882516
154.36375992545226
152.59758769341101
166.64570923668157
161.42623803599935
163.8715563968098
170.9673417532435
161.25271979562163
169.2821563905808
175.18495995869014
187.58567126025488
193.06665882088672
194.77599860591084
195.947247264038
200.79407800456121
201.27465125110757
197.3789706821079
194.2373095554167
192.57896029108056
191.14491179333302
190.7778938541749
192.23318726860754
193.80068241944397
191.40077940841448
184.72952442719176
180.54721953857947
180.96788190150008
180.35207073846553
178.04043695954223
177.97181734612644
179.80195133928228
180.93971940319514
181.05763058138137
180.69109620006046
179.84766692770657
179.30247424107873
179.64522884048878
180.03520611507128
180.1156197684599
180.17397597048827
180.0738554147003
179.93236798039806
179.9545336966142
179.98837261900658
180.00073669854197
180.022823397263
180.00526811189488
179.98768258965416
179.99829239947627
180.00225677403117
179.99998593247642
180.00143665493874
180.0002104884634
179.99873556842937
180.00002182702298
180.00054172560866
179.99990359967958
179.9998374721205
182.60071929809965
182.70041325925084
183.3687458802611
184.41229776122503
185.30520131727152
184.9785075157072
182.8660209222157
179.654213489175
176.2399193505135
174.02156958473986
174.15258327286028
176.19080292954777
179.69400707277202
184.18301185086494
188.82143252488956
193.53183848731547
197.08137533097792
196.1373207253376
192.02725563516822
193.99823213859858
198.88666456237462
204.2917154259622
205.68626531510517
206.6477077598862
207.26116573011836
208.70498955986713
212.06522561368288
213.79045712864007
212.75164597738058
212.22234563801095
212.72352048602778
212.5233174118177
211.8795280800754
211.69222378448598
211.8898587125368
212.33853580454786
212.99564256989345
213.41477723498815
213.30419837430782
212.88930672112744
212.37612033708047
212.07493774267832
212.154545910061
212.09337579636735
211.372109394452
209.5351399841557
205.56798589692022
198.03650124949948
188.4170726062893
183.3295962933735
181.78417335801728
168.6016209156166
175.90225110109816
172.08334797275643
170.15559136893663
169.538562130873
171.6968380506986
175.32619211443742
179.71922037782036
182.2195151119056
181.66675339851088
181.7485906554789
183.3578727732467
182.95148072583348
180.43672102902605
178.9113452816544
178.92180447398826
179.32028923120438
180.01290091505192
180.62318154506087
180.5139085825718
180.1453550507561
179.86400900404584
179.70796312554765
179.87893141479665
180.0733013403713
180.06441747709937
180.04273650606845
180.005494164304
179.95939702753935
179.98847333922478
180.01475199256163
180.00361419825796
180.00138931056878
180.0001477964296
179.9953674471236
179.99924816337895
180.0022378708245
180.0001713435943
179.99960790922273
180.0001171509204
179.99987911485962
179.99994032102296
180.00013231703068
179.9999973489388
179.99993967306048
180.00001195205638
180.00001689922692
179.99999416978514
179.9999968322192
199.78374889714317
199.08167238147178
198.89548599426604
200.43600799938585
202.67658664528784
200.64746077302408
194.84172884651628
195.66072644790225
194.2388415893046
188.67143691295337
198.91940826512536
200.7182726794161
202.00132495240405
203.2293733336634
203.5552487983187
204.96582990587032
206.90059265406185
194.8789244773757
203.2452618912156
201.2257736076582
203.78929834693142
202.79741955835246
204.96361312019016
204.95472157217634
205.75416855649442
206.0018804550419
205.59960666684583
204.61076962874014
203.12820670708993
201.83958834320134
201.2028540691144
200.98822887149882
201.09994493295733
201.38938003846525
201.63325395324085
202.04934561548714
202.77770720505708
203.78713623368674
204.84422436103083
205.02965255385124
204.4524674824089
205.27603015284953
206.88208644602975
203.87685802270352
197.1439169074944
208.38736225229462
199.75328334469168
204.29753042079489
205.2675093607559
205.72291896174468
204.8331050268601
204.48682653052808
204.66352970484314
202.1141825349801
204.93413265684123
205.6602153012032
206.760407050747
206.46299610007856
204.2435493299226
200.96612673061358
197.77341542994247
196.01251200375503
196.475721990295
197.66524323996188
197.56822528099175
193.60290818790494
185.79574828950015
180.8114791153502
181.04757953567793
180.40749926493305
177.8627583682292
177.70331973560783
179.6250509391069
180.93599962521358
181.31276490344897
180.9723986879172
179.83179253897424
179.11403837032006
179.54990563219593
180.02501205732912
180.14101927135948
180.23180062599118
180.09745648991316
179.91396174484476
179.94180152598614
179.98248755446284
180.0001588443063
180.03027567910488
180.00704282643682
179.98426693119987
179.9978438706768
180.0026640094391
179.99995640416284
180.00198200918163
180.0002569954495
179.99832494075613
180.00004143827894
180.00070785858156
179.9998710307877
179.99978958289785
183.65567593957388
182.86758811618824
181.38708788149629
179.29496176566653
177.16012319601396
176.69164949963263
178.26839279556546
179.7947835632039
180.52049715451966
181.80091479001584
184.43014837856632
186.83787562829525
187.82834181734268
183.308171493082
184.04026790924334
182.03449972382467
182.6698033716431
183.7347389524075
182.65922846517626
181.52068260075586
179.68601589381296
178.44489901198105
178.73793334908595
179.8622970208452
181.4108689283152
183.01148672312917
184.07572398201498
184.93312397312906
185.55044263467914
185.10901510734948
186.72920127522883
181.72095064951026
187.04027626746688
187.34597000273968
188.32753819786274
188.61367926417824
188.26344310744224
188.22633390491703
188.96481517224032
188.9793370709519
187.9185966247676
186.9947424831195
186.64352289371703
187.1095602909277
187.88750519699155
186.00676483479847
187.6604891296025
185.85661667251017
188.66285645980886
184.81629342859165
188.27815042081386
183.62415495252637
181.854714212706
181.47454582247408
185.0655733051399
187.07227581890933
186.86046905485654
191.05253804648942
190.79556086758728
191.71483939436084
190.4559381470799
189.77257600801326
189.80678845147938
188.980294689776
187.1842284060453
186.03142028618848
182.65364931570062
181.0283770165187
180.4323786506349
179.85959146818305
179.0217334393872
179.0734199936638
179.91594555843196
180.4739848655275
180.49874158255423
180.3115601780157
179.96816390998322
179.70628346089774
179.7888299175966
179.9596960588262
180.0636881295657
180.1191216373942
180.04403572372263
179.9619319856749
179.9740086538969
179.98866747204673
179.99973008621095
180.01547023454847
180.00325888271414
179.99246834318922
179.9990667172948
180.0011442478003
179.9999606895062
180.00101347671313
180.00011387245945
179.99917888787212
180.00002654926035
180.00034216999552
179.9999362332466
179.99989918235786
181.90383855306982
181.4984012434096
178.92890444362644
174.7678202817194
169.20961271207082
164.44986369370164
162.3666169710595
163.1641542315966
165.7166856077208
165.50508815707596
161.06394262201852
158.36059163197163
153.69026366169834
127.53436915248288
151.68647077557313
153.69526360694104
157.50921931823305
157.35075425928397
152.52788731554017
148.3582672547198
148.921013324441
148.82968084727892
146.30598151269803
142.336745137935
136.63212468020046
133.2555582208502
134.08227650320512
134.42396302962172
132.8887834952607
131.8922642733716
130.99816292736884
128.97459125218202
126.5804173964576
125.29001623835863
125.57093023737535
126.58592882253681
127.78976813493676
128.7242437511746
128.90298783626062
128.9847327340865
129.76774462237194
131.96089107537318
135.80615682865496
139.78097590661298
143.24892709459954
147.5509296795126
150.6553002288077
145.67032469568386
136.3821680275032
144.78101192229676
163.79921265397357
135.22454909827616
168.9466002718977
165.4842160610177
171.78799973705034
175.42088698121668
178.0216798202697
178.8264740373837
178.04313094167279
176.0343858110324
173.90223588919815
174.59534626104173
178.32689362747973
180.0654798418671
178.5141849914708
178.76112573828055
181.354868343672
181.7167287134569
179.68237503296277
178.77211350063442
179.42297632400587
179.89730500532738
180.11311610773896
180.345939391271
180.20478723384434
179.96791841782786
179.93636817239317
179.92597855095073
179.95398361584344
180.0180675804781
180.01967696589537
180.009764361555
180.0080833490622
179.99645718080956
179.99574454865214
179.99933562374827
179.99847294317718
179.99990011847942
180.00096360561696
180.00045241513612
180.00022542950663
179.9999014447514
179.99977669222255
179.99990732153435
180.00002092944925
180.00009271316
180.00001028240868
179.99994751611416
180.00000408528473
180.00001995494986
176.86346561374242
176.76228640474702
178.45648349940842
180.18248239471524
181.50850907038634
182.72078035643358
182.18563807896857
176.45898562309517
173.70688508738417
172.04394490628962
176.2579831059763
182.2009740491851
175.72820971213815
210.89619221079448
192.6995149152976
196.04953191531104
198.26862655271995
208.72148238268684
200.5086212384165
203.4349560260177
204.65889067885828
205.86283696959688
207.22989200862847
209.99918509966218
213.78630002664943
216.9011620935056
218.8724222870007
220.8904936466715
222.5626960205231
221.98176744131257
220.11682111707407
222.26800774125542
221.50776490649588
217.73174819239912
220.11959318902868
221.3386037357216
221.8867303430552
223.06949048079372
222.6877116735142
221.66200885480342
220.3164683254463
219.05330224167255
218.25975490426842
217.3729484322862
216.30063170955933
215.92934718028445
214.81741076669852
208.03622527509526
198.3693820662188
192.22460408365419
188.5911789943219
183.74468666243456
169.66584320764312
183.82766719817582
176.7535184867282
175.0694297746191
164.7426201674802
166.80543585011023
171.0957492430517
177.0158088169579
176.1786138218538
178.00591014927383
174.32361640248845
173.75764802932596
175.05219336131438
175.56675239709793
177.48325071432075
178.45890307869996
179.35771807522212
180.31962024929896
181.52174094692546
181.38990818983905
179.86440429273352
179.02717289048886
179.4676436619535
179.90474509754293
180.0805818919651
180.27493001563323
180.19712274036337
179.9964038814479
179.9309192728129
179.91319649059201
179.96513641850404
180.0325025875907
180.0222047909292
180.0055597503932
180.0003518190715
179.98971082874044
179.9971554045165
180.00536158516346
180.00070847433247
179.99905614064107
180.00008932044037
179.99935899348617
179.9998991649027
180.0005484485304
179.99998400699783
179.99977139425712
180.0000431406923
180.00006669144696
164.79868094216664
162.82857131391344
167.97422588477613
165.16940280592493
152.6327040931846
146.6845863728861
141.81340490611473
103.79949067630861
157.05994013513663
164.0676409499121
163.9098440317331
157.83955522325323
149.0532483286504
141.6237871948795
142.2783869052508
139.8784624571615
129.4968606631934
118.85143658192005
111.61299106212937
115.37994784806345
123.97722590424338
97.17696249099076
113.3724029564905
100.12790847974156
93.72990336993449
88.76908784179125
88.02699021148824
88.19174252931633
87.77134496482955
87.07996225437297
85.13605434770376
82.50899216048914
80.44830334254928
79.67412136146095
80.73703964172479
82.67274064236875
84.23437898295273
84.29809625377021
82.21915063240691
79.54397053950059
78.60685718013653
82.5660914769009
92.53596515483568
103.99109521179874
113.50509679774308
120.18797231735425
118.99752096654109
101.76211949018716
83.48034026813103
118.31776104494979
144.29670678887484
147.38535302900203
107.4670677783892
159.74163989461152
159.59884226792076
146.54875168205896
157.87408026288023
145.05397428538606
152.55301522346164
156.5597391129312
158.72067650032696
161.996060121187
164.21095087988144
165.95500601849145
168.6473638343235
171.63602730462028
174.81504012613414
177.78681041598944
179.86496229651564
181.10911161758176
181.47695289336036
180.99535520161393
180.1010179674727
179.38030728540343
179.2251949882654
179.52238556571754
180.05437917275717
180.42668810583552
180.32367977579537
180.07962384212874
179.90781054540315
179.81534037257333
179.9260596369701
180.0503806049589
180.04057552557953
180.02355498670596
180.00258051027888
179.9754930195567
179.99405749928047
180.01028195929266
180.0013112180291
179.9991512668489
180.00015112282625
179.99810142535333
179.99987710158877
180.00134104191775
179.99991627891762
179.99947314218645
180.00010853007996
180.00014838314348
201.46656701122447
201.3509219407622
202.53264847010226
204.0197938676914
205.4609671878933
206.80516698183885
207.7849148755307
208.82534713034374
210.55921467496617
213.582141250943
217.5480324237944
219.91424064199316
220.25302787350154
222.33253326062035
227.1140472534891
231.50600081713014
230.49116960816295
233.85647849129393
226.4253452381531
226.61788156883557
228.9865617820551
220.37671139474406
234.04763178898096
230.94795687651194
224.45567651196808
223.4730071952315
227.67476900945329
229.8638615595569
227.31811075303835
226.238289156635
226.39194203175924
225.15367884792036
223.34638772620798
222.5188063755483
222.73509056634765
223.45602531779232
224.40888154638822
225.0798418091091
225.05631500453586
224.86703677747812
225.1105808197003
226.41561391159664
229.281598377936
233.19623614198264
237.07341296250863
239.00122746275207
238.17796269684857
236.79813175387034
234.76713548165836
229.54640739591693
222.64405035066054
231.92962523798522
215.60406018380925
213.31235761436199
208.875370143374
205.82991547022837
203.15565318006685
197.65256723245338
201.03948745946175
201.7276877393424
203.66025759080827
203.46856290765786
200.79858627108402
199.473633414522
199.75700281571977
195.334451003688
186.06582088378957
180.58465636391003
180.85358797901824
180.4318920127164
178.36113557472402
178.1808480379886
179.41587388038226
180.4578475938914
181.2777929559869
181.1776380474713
179.90573036070148
179.11646809768106
179.50500329092094
179.94622380526818
180.15080778991882
180.29365476878615
180.10319805078862
179.89298695872
179.93862783090188
179.98199943178005
179.99990180098754
180.0347714965956
180.00768275626749
179.98160207274304
179.99750014349436
180.00321915512987
180.00001528114598
180.00223586821258
180.00029609659998
179.9980749781932
180.00003794511937
180.00082201772014
179.99985331308616
179.9997534057982
186.6775552739571
183.80871189522355
183.68644060630032
181.56157570749608
174.77766973612893
164.4148503063409
151.8178823924545
143.4487708569421
161.1524687963431
165.60447049388992
158.75640895189838
156.45977866833994
160.69000109796988
160.1363392527088
154.8036049505721
147.98435822903633
138.90747253952256
129.30387072669876
121.25697572940355
113.84460707376121
106.55367849797278
98.89050568838356
90.25849876474133
82.04531841155953
75.35260591715875
70.49585243921157
67.93583937150198
66.91520005430388
66.29249691704499
65.05358839047969
62.389754594667785
58.86694123337901
55.490194435271654
53.64418931689771
54.214573757688065
55.89985023602544
57.261163835220316
56.78314646890015
53.296710986721195
48.13929646633324
44.70679863720309
49.53608116847502
65.11967902816193
84.02349979185675
101.02045692583296
114.45639715302161
118.86107671997485
109.52437210878527
273.675100860351
148.64686739662665
192.01713149411114
156.07044803600695
131.24153067030832
137.59703275995417
145.15223389070067
159.17628316187927
165.73465220703625
170.97954848231547
175.3926751366693
173.73976752244033
169.0577780620449
166.39120497388578
167.79085574902854
172.21977800646084
178.0548467395461
181.6422060072878
180.74936142472723
179.4624344175071
179.65523977852868
179.58269881556353
179.77671997914064
180.26679302858338
180.21233765497038
180.04739619947642
179.9373934856339
179.83739074695444
179.93922127820846
180.05957870666165
180.07325531404547
180.05727397287285
179.9952686186102
179.94637671351026
179.97319886806022
180.0029748126087
180.01012808929622
180.01477746212612
180.0030533621881
179.99175058987512
179.99767765901436
180.00161668759824
180.0000997022479
180.00068868507094
180.00016304028804
179.99915103535554
180.0000186506073
180.00043221930306
179.99993340956192
179.99986182288154
180.00003932408066
180.0000316966352
197.6946418908445
198.63527040797993
200.29289207802407
202.6692971578652
205.60530994847588
208.68691391383751
211.66514139338912
214.52479803672202
217.03606067265636
218.7173943679508
221.07707073345563
222.8711212193782
225.33752719345205
229.9613505727971
235.53291082264926
235.75850124566566
237.41016409860845
245.16098053443054
243.04259960366878
236.9133126859126
241.0482966345489
236.13514074525082
242.90834381686957
240.99474261040535
242.80310829247344
242.44673701944825
243.6669758747445
243.09779646804995
240.9743822070508
239.28155317246808
238.35273197114716
237.06933144782457
235.05613971738154
231.99672245091466
233.23972475628918
233.1559954965407
233.60122639751498
234.02281773414938
234.14869790129237
234.3587707013231
235.17210127194852
236.88526850010336
240.14520522607532
245.69576539667204
251.89988714763683
253.067915633859
249.88750815036624
255.10212013704307
245.89549107993201
241.8034567112149
234.30513526686292
230.4610787988949
228.5412105970026
217.23689542537778
215.34355843526217
209.7580322678506
206.0387150094986
200.3284292546175
200.82426422478613
200.56303007063156
202.38140967562268
203.0480734970457
201.62693070935788
199.9758091860875
198.5038476014346
195.65788015329156
185.27653234146536
181.19977034851695
180.74610005796217
180.37953927574438
178.33918735447546
178.1286799014035
179.38738568284492
180.48783522211173
181.32359107012385
181.20598216284566
179.88860722622977
179.08010753720345
179.50351356514238
179.96319685181675
180.15124487906
180.28899691585949
180.10494740935604
179.89412282436317
179.93804379020986
179.98197782252169
179.99958479850457
180.0343201705883
180.00786182717698
179.98197347396214
179.9975327514863
180.00309354971938
179.99998687686838
180.0022382698258
180.00029088952869
179.99809379984825
180.0000426799456
180.0008095962709
179.99985400325028
179.9997582218701
181.04753087450655
180.021629977868
178.34894133843392
175.93534735667518
172.87404361181666
169.60536695213625
166.5782529173264
164.45732828954064
163.19062127672842
161.19480431484158
158.96646221261463
160.8277228250715
165.51712202521347
162.36982597696434
155.57942196551002
174.37565842338162
146.1581229668283
165.09366797507118
155.02482602815547
144.1384456844904
140.38081450581956
142.35797383703297
134.59709520595095
137.83316130379936
139.95237230705985
140.93268537422958
142.58246063339297
142.60682637292814
142.77407291122796
142.65557636257486
142.6238529576932
142.1926993577183
141.24265888187375
140.67528287481053
140.82941321065442
141.54255796118412
142.6799801054664
143.54575487352358
143.54698666652604
142.79311550230022
142.04767196570424
143.48855371629278
146.10621931325676
142.41595091197314
133.02004201074067
132.96731510159194
141.28053955455735
130.90233025344347
156.2808094152344
209.37657221337216
171.40321341918042
168.47198747407515
155.40911283883048
155.23392995620364
160.49852643190317
161.76372221158806
163.28446054163425
183.20401726687697
172.86168507754263
177.3151115750176
176.71237284876926
176.9318913079582
177.84902474393627
178.36774944321027
177.64614630539296
177.23394649707532
177.59299114524515
178.4689346436107
179.9214857811799
180.97440502200934
180.97470915783958
180.52285614893393
179.92830969251332
179.48822736558503
179.60631508778022
179.8983977253747
180.08175466622643
180.19901195921614
180.11857267554535
179.98420709069077
179.95644390351535
179.95079061313896
179.97813348991812
180.019320519721
180.01354582136372
180.0027094562509
180.00076066417603
179.99471530556292
179.99801816638512
180.00261902026162
180.00040675040913
179.99963264812013
180.0000792717481
179.99960423266097
179.99994980801776
180.00030584062978
179.99998352985696
179.9998788381562
180.00002508995686
180.0000337778389
163.726062922939
162.46844777240142
160.91101077053318
167.08272213830847
162.5553976557052
156.6640568410043
153.79808153138768
150.13510089421337
151.7697304849553
148.5761242592027
148.50074874310943
146.5618066995208
146.05438560397008
143.34278699480654
143.50186639885814
141.69849656980495
139.6390554089656
137.69699432814565
136.27768282998474
135.26938527368208
134.81222678608611
134.7205207806011
135.11859261334058
137.11020444427336
140.13798178190282
140.778385838248
139.64162841113748
144.27987780886676
144.45054950937444
140.58099711619877
144.18226233157873
142.79358103461604
143.07483697745857
143.76387114788625
144.7950440236093
144.75425745995176
143.47380230548993
142.979119714579
143.78017931710795
144.15685443946742
143.6662132075362
142.8028165213173
141.95070686222093
142.88862746980638
145.0473770082611
142.68355805224272
138.31833831193788
149.01017054217547
138.66847919820444
144.8045687222044
140.94615100453498
143.78172700533088
144.95647579019803
148.69199274174017
149.44456180094474
146.69071443037856
141.55239686282303
146.50462023669365
157.11002092610292
159.50253733665255
159.85702889109095
158.4487284825385
158.88656949311476
157.60507281319335
155.46846260597388
156.8656537173588
175.30907577807608
178.94066904652547
179.38854986515923
178.96095093018613
182.00883545797134
182.5184688533839
180.674335511431
179.38820679686842
178.42418723457655
178.52179352290906
180.09621285779394
181.1005837797147
180.64324836319116
180.08807468027956
179.79294800998377
179.6067555934239
179.88134767765516
180.15506955848397
180.07308143288088
180.01058764558022
180.0005377918028
179.96052286598177
179.9903578893642
180.02261721990698
180.00326944913868
179.99555928156062
179.99993906199887
179.99754344706298
179.99960433931685
180.00225534384464
179.99998010860597
179.99901804733457
180.0001696317478
180.00029810172114
