193.12
197.04
197.84
197.4
200.1
207.24
212.68
216.63
219.1
216.89
218.46
222.84
226.33
230.52
238.72
240.25
247.84
245.75
210.12
253.77
257.37
256.26
263.39
259.89
253.31
244.36
243.45
224.52
242.52
239.37
245.51
239.09
240.53
241.28
239.14
237.49
240.67
241.38
241.37
244.74
247.79
249.54
248.49
255.4
260.63
263.72
249.04
241.23
254.37
243.76
235.46
216.87
209.76
201.81
206.59
205.42
198.57
195.68
192.84
194.85
196.3
188.05
187.72
189.07
188
188.78
187.81
188.41
188.82
188.54
188.58
187.75
186.46
185.6
185.51
182.43
180.06
184.62
186.68
186.56
187.03
186.41
187.05
187.86
188.35
189
190.49
192.98
180
180
180
180
180
180
180
180
180
180
180
180

