175.58
178.64
175.51
171.21
172.58
174.98
165.44
169.9
163.02
156.95
155.79
149.52
147.33
150.46
146.09
149.95
147.46
146.71
144.77
137.28
139.5
141.79
145.64
143.64
142.89
149.34
148.36
150.29
143.35
148.35
149.5
146.07
144.09
144.41
151.18
147.46
145.41
146.3
146.24
147.37
147.77
145.09
144.13
143.3
142.4
144.72
141.86
137.83
150.26
152.6
154.96
153.24
155.01
153.95
157.5
163.89
157.95
157.63
162.83
166.35
164.87
169.89
175.37
186.31
175.03
176.83
175.48
174.79
174.81
176.56
174.82
173.98
172.76
172.93
171.56
166.79
172.75
173.03
173.12
174.03
173.86
173.07
173.46
174.78
175.06
173.47
174.75
174.77
180
180
180
180
180
180
180
180
180
180
180
180

