137.89
137.3
137.83
133.12
135.72
133.3
134.12
131.14
126.24
126.31
125.6
112.33
125.63
133.26
147.88
127.22
147.32
162.02
141
174.99
153.58
143.6
143.55
171.69
158.94
147.47
166.19
166.29
157.14
152.86
167.5
163.62
156.95
156.26
158.39
164.92
161.48
163.44
171.53
180.66
157.4
153.28
159.87
153.49
142.28
134.66
141.83
147.86
155.75
130.44
126.25
133.45
141.71
124.69
131.45
146.38
134.26
114.1
132.36
126.51
128.37
126.48
128.08
131.69
128.94
131.2
137.29
136.26
132.46
132.73
133.56
180
180
180
180
180
180
180
180
180
180
180
180
180
180
180
180
180
180
180
180
180
180
180
180
180
180
180
180
180