192.87
194.33
194.18
193.68
195.13
193.46
193.38
192.94
191.37
187.08
186.81
185.97
191.64
192.37
197.4
195.21
198.88
201.65
203.96
208.46
203.71
204.49
204.22
209.09
215.62
214.8
221.94
221.7
224.58
219.77
221.1
226.7
225.61
228.44
225.01
225.87
228.09
224.89
224.43
224.43
225.41
216.55
215.05
213.93
211.83
207.59
208.91
207.81
205.19
205.42
201.03
197.15
198.54
200.52
198.16
194.18
194.75
191.1
187.81
188.47
192.9
193.24
191.39
190.36
192.63
191.77
192.85
194.75
194.75
192.88
192.04
180
180
180
180
180
180
180
180
180
180
180
180
180
180
180
180
180
180
180
180
180
180
180
180
180
180
180
180
180