199.79
199.95
199.43
197.96
199.33
199.97
198.38
201.04
195.53
197.32
196.8
197.72
190.32
200.18
195.98
192.62
189.34
185.28
191.99
183.01
197.92
197.69
177.79
197.28
205.18
202.86
195.94
191.13
199.95
196.44
178.42
160.19
203.4
203.12
180.53
196.75
196.92
195.63
192.43
194.65
192.8
191.93
192.03
198.43
197.63
201.8
196.6
197.81
199.92
197.74
192.45
200.19
184.84
187.44
196.49
194.62
194.78
196.53
198.22
197.78
194.01
198.37
197.37
206.17
196.43
200.46
200.97
201.78
204.62
202.88
180
180
180
180
180
180
180
180
180
180
180
180
180
180
180
180
180
180
180
180
180
180
180
180
180
180
180
180
180
180