170.16
170.73
174.39
172.94
169.36
168.66
173.01
173.09
172.1
171.59
170.61
169.6
171.88
172.3
175.21
177.35
178.67
177.37
174.3
175.15
175.61
175.81
175.5
174.25
172.65
172.18
171.78
172.87
172.52
171.32
170.36
171.4
171.03
170.78
171.04
171.99
172.6
169.05
174.06
158.71
168.95
212.46
170.51
167.2
162.62
160.72
160.8
163.81
161.13
166.79
160.84
159.15
157.8
163.39
159.82
157.61
157.49
157.95
156.96
160.25
156.23
157.86
152.35
161.86
165.97
158.9
159.44
162.05
179.48
159.59
151.09
157.71
196.8
160.86
168.12
166.46
178.49
172.09
170.82
174.99
179.9
177.14
175.76
177.09
175.3
180
180
180
180
180
180
180
180
180
180
180
180
180
180
180