171.63
173.22
175.76
178.41
171.28
176.12
162.62
183
174.52
170.33
167.56
171.34
165.13
173.28
172.75
169.52
162.77
162.45
176.08
167.95
164.03
162.43
170.88
162.84
159.44
160.64
165.5
161.09
161.34
161.82
162.76
163.37
163.59
164.92
162.48
159.29
171.3
179.61
151.64
155.18
173.88
212.78
174.69
160.04
170.64
167.77
159.25
164.64
160.32
163.72
169.11
169.27
172.46
173.39
177.31
171.84
169.31
171
170.51
170.85
172.78
176.43
180
180
180
180
180
180
180
180
180
180
180
180
180
180
180
180
180
180
180
180
180
180
180
180
180
180
180
180
180
180
180
180
180
180
180
180
180
180