175.72
172.8
177.86
181.44
179.1
170.07
171.8
171.6
168.68
163.92
162.61
163.76
164.82
166.57
162.66
158.17
162.24
167.17
169.93
160.86
155.48
161.88
164.08
161.53
158.54
157.74
169.03
163.56
165.82
175.42
154.52
160.82
170.4
191.32
182.92
161.46
169.41
171.61
174.51
179.55
166.05
167.95
169.01
177.44
173.66
173.74
174.13
172.1
170.24
170.75
170.37
169.21
171.86
170.96
171.77
171.72
172.04
171.89
169.49
172.73
173.93
172.54
172.46
172.65
172.86
172.92
172.63
172.66
173.35
172.86
172.72
172.55
180
180
180
180
180
180
180
180
180
180
180
180
180
180
180
180
180
180
180
180
180
180
180
180
180
180
180
180