181.59
174.81
171.1
175.32
170.87
175.99
164.88
165.11
168.86
174.82
166.42
166.53
166
162.18
165.05
163.44
166.92
162.35
152.94
159.78
160.64
160.03
161.01
157.44
161.96
163.11
162.84
161.93
161.95
158.88
164.53
174.21
165.59
175.16
162.75
162.42
163.58
172.41
173.51
153.2
177.71
165.6
174.72
152.69
161.2
177.34
177.64
165.91
169.82
180.17
177.77
182.26
172.16
174.25
174.94
180
180
180
180
180
180
180
180
180
180
180
180
180
180
180
180
180
180
180
180
180
180
180
180
180
180
180
180
180
180
180
180
180
180
180
180
180
180
180
180
180
180
180
180
180