166.2
164.53
166.46
166.66
166.83
164.8
161.62
162.11
157.33
159.17
152.24
151.19
151.6
145.55
152.01
150.98
147.65
139.31
144
139.39
147.3
148.1
156.06
145.94
149.75
152.46
142.56
147.78
146.87
147.63
153.19
152.29
148.5
150.27
153.02
150.79
153.69
148.42
137.84
138.79
143.61
151.31
148.07
142.65
145.81
145.46
147
146.07
149.98
153.64
146.43
132.82
146.99
146.01
157.95
164.05
157.64
161.87
156.45
156.96
159.24
165.19
165.27
164.4
162.29
163.84
163.4
164.12
163.82
161.83
180
180
180
180
180
180
180
180
180
180
180
180
180
180
180
180
180
180
180
180
180
180
180
180
180
180
180
180
180
180