161.13
160.67
160.68
159.35
159.45
158.03
157.52
158.57
157.42
149.33
151.98
157.63
154.02
147.23
144.05
147.77
150.15
151.89
147.1
148.24
143.49
146.79
148.53
148.39
156.59
147.76
148.49
151.98
149.64
144.54
150.29
150.65
150.7
136.79
146.99
158.48
148.48
149.46
150.75
154.05
155.24
145.16
138.77
139.8
140.59
143.86
151
149.76
149.38
153.68
151.23
148.72
148.58
145.41
149.04
154.84
154.38
152.73
154.19
155.91
158.53
157.84
156.66
156.15
157.97
159.83
158.69
159.04
158.99
159.28
180
180
180
180
180
180
180
180
180
180
180
180
180
180
180
180
180
180
180
180
180
180
180
180
180
180
180
180
180
180