176.53
176.39
179.59
176.02
177.11
176.95
171.91
179.33
179.84
180.26
177.25
177.47
172.96
181.75
179.52
171.69
167.63
123.21
143.23
202.56
175.88
117.87
124.67
187.85
176.22
135.36
46.18
109.73
99.87
45.86
46.09
69.58
63.05
35.42
56.55
61.38
48.19
35.69
52.06
42.79
44.14
45.16
47.24
45.17
53.61
56.13
72.44
125.34
140.76
17.18
156.71
97.98
92.81
167.79
171.51
175.89
176.05
175.96
188.87
185.52
174.97
171.09
184.44
183.7
169.99
172.08
180.13
182.08
182.36
180.87
180
180
180
180
180
180
180
180
180
180
180
180
180
180
180
180
180
180
180
180
180
180
180
180
180
180
180
180
180
180