206.26
206.91
210.52
232.87
216.41
215.9
225
225.46
227.16
231.07
234.21
250.09
245.27
251.24
251.67
250.78
255.06
253.11
256.88
263.2
249.6
248.33
242.22
250.36
247.81
240.05
247.44
239.14
238.53
232.99
238.25
241.44
239
241.26
247.63
251.67
262.5
255.25
254.96
256.33
261.57
256.02
253.8
256.21
253.05
243.04
236.54
238.94
232.14
227.94
223.55
217.51
214.58
210.15
203.48
198.39
197.54
202.63
203.3
202.05
201.28
204.14
180
180
180
180
180
180
180
180
180
180
180
180
180
180
180
180
180
180
180
180
180
180
180
180
180
180
180
180
180
180
180
180
180
180
180
180
180
180