159.19
160.48
164.35
179.62
170.85
184.07
173.66
166.05
150.45
161.12
147.94
159.96
162.64
125.69
144.39
82.85
37.63
77.05
31.75
41.58
41.67
37.97
33.5
33.81
35.2
55.39
169.3
117.4
126.92
158.79
87.01
87.83
136.23
165.65
162.35
166.28
175.35
172.97
169.86
172.12
144.17
153.5
167.03
163.55
171.66
167.05
171.61
167.67
168.96
165.08
166.1
164.62
166.02
164.54
165.7
163.41
167.61
166.93
165.98
164.92
167.01
167.82
167.39
167.37
166.69
166.75
168.99
168.29
168.74
167.84
166.91
168.77
180
180
180
180
180
180
180
180
180
180
180
180
180
180
180
180
180
180
180
180
180
180
180
180
180
180
180
180