204.41
205.09
207.49
209
209.81
216.41
225.58
212.25
217.85
221.12
237.36
224.59
236.33
253.54
258.63
241.49
243.17
254.4
255.3
251.53
256.6
235
261.53
251.81
251.39
246.68
248.8
249.06
245.7
245.13
247.46
248.62
252.42
258.83
255.1
255.32
257.14
259.42
255.5
256.42
250.7
243.42
249.01
237.36
231.02
226.43
226.68
220.31
216.97
210.33
212.41
208.96
215.43
208.14
204.27
205.34
206.55
202.51
202.99
200.93
180
180
180
180
180
180
180
180
180
180
180
180
180
180
180
180
180
180
180
180
180
180
180
180
180
180
180
180
180
180
180
180
180
180
180
180
180
180
180
180