202.32
206.13
209.2
194.94
200.86
201.09
206.21
205.69
207.62
209.02
206.78
203.06
219.17
204.35
209.84
213.28
214.28
214.12
215.67
213.61
212.3
216.24
209.73
210.8
204.2
212.7
213.15
212.43
217.48
208.81
209.08
214.12
216.22
216.56
223.31
204.9
197.83
213.84
209.12
205.01
206.64
207.05
218
201.35
202
201.66
210.86
207.75
202.59
198.74
204.21
203.03
201.43
199.16
202.31
180
180
180
180
180
180
180
180
180
180
180
180
180
180
180
180
180
180
180
180
180
180
180
180
180
180
180
180
180
180
180
180
180
180
180
180
180
180
180
180
180
180
180
180
180