263.63
267.81
262.21
255.49
256.98
253.79
255.88
250.61
251.62
241.92
248.68
246.8
243.29
243.8
238.73
241.36
242.81
241.48
242.22
242.89
243.19
254.57
269.32
290.98
258.08
300.19
262.66
272.32
274.94
281.75
272.86
278.67
284
280.38
283.23
282.9
282.84
278.83
180
180
180
180
180
180
180
180
180
180
180
180
180
180
180
180
180
180
180
180
180
180
180
180
180
180
180
180
180
180
180
180
180
180
180
180
180
180
180
180
180
180
180
180
180
180
180
180
180
180
180
180
180
180
180
180
180
180
180
180
180
180