247.02
244.73
243.13
247
244.42
241.54
242.74
245.04
242.67
242.92
239.66
241.33
244.35
242.54
242.58
244.04
243.09
248.02
235.44
239.16
245.78
243.5
243.25
244.52
245.64
237.94
239.42
248.27
245.59
249.13
247.26
242.13
244.02
244.23
240.36
246.9
253.52
180
180
180
180
180
180
180
180
180
180
180
180
180
180
180
180
180
180
180
180
180
180
180
180
180
180
180
180
180
180
180
180
180
180
180
180
180
180
180
180
180
180
180
180
180
180
180
180
180
180
180
180
180
180
180
180
180
180
180
180
180
180
180