218.03
218.34
217.87
218.4
217.43
218
218.11
218.04
217.86
218.07
218.25
218.62
217.39
218.15
217.57
218.34
218.5
218.93
218.49
219.19
218.15
217.83
218.58
217.47
217.83
218.22
219.23
218.53
218.76
218.23
218.53
219.79
218.91
218.46
218.71
217.59
218.89
219.37
219.17
218.54
219.09
218.59
220.54
219.69
219.09
217.43
217.37
218.29
218.48
218.29
219.28
219.01
219.66
219
220.24
220.18
220.35
219.98
219.92
216.48
217.35
216.77
217.77
220.91
218.28
219.81
221.07
218.9
219.22
219.08
219.53
219.54
219.81
218.02
216.59
219.32
220.27
219.33
219.93
218.11
218.47
219.24
218.77
219.56
218.79
218.37
218.3
218.38
219.88
219.5
219.09
218.17
218.6
180
180
180
180
180
180
180