282.22
282.05
282.78
281.25
280.25
281.86
281.39
281.35
280.01
279.39
278.55
278.74
277.4
278.12
278.44
278.43
279.16
281.35
283.98
288.28
266.77
282
284.83
287.76
279.53
285.48
285.8
277.19
293.65
292.91
289.94
280.47
286.75
288.73
288.59
289.1
283.61
287.54
180
180
180
180
180
180
180
180
180
180
180
180
180
180
180
180
180
180
180
180
180
180
180
180
180
180
180
180
180
180
180
180
180
180
180
180
180
180
180
180
180
180
180
180
180
180
180
180
180
180
180
180
180
180
180
180
180
180
180
180
180
180