201.7
199.86
198.23
197.35
197.1
196.11
195.24
194.13
192.68
191.29
191.65
192.38
192.78
193.79
194.13
193.89
193
192.65
192.62
193.37
193.48
194.48
194.05
194.29
196
195.71
194.31
193.2
192.77
194.34
195.78
197.31
199.8
198.21
199.73
199.58
201.81
196.6
197.26
197.3
196.96
197.55
197.55
196.5
196.98
197.03
197.66
197.47
198.03
197.39
198.3
197.68
197.12
197.49
197.48
197.68
197.2
197.4
197.43
197.16
197.68
197.4
196.87
197.66
198.03
196.95
198.49
198.33
200.64
200.16
198.72
180
180
180
180
180
180
180
180
180
180
180
180
180
180
180
180
180
180
180
180
180
180
180
180
180
180
180
180
180



































































