172.41
174.33
176.38
178.76
185.48
182.98
173.91
178.05
183.28
190.38
181.42
189.62
181.81
178.91
179.97
180.98
182.25
183.36
192.23
177.41
191.4
189.72
191.72
182.46
180.51
185.8
188.16
190.45
185.9
209.98
200.66
191.36
187.81
175.74
181.96
185.4
186.52
192.59
187.86
184.82
185.43
183.7
182.14
184.4
184.53
182.82
184.12
182.18
185.36
185.65
191.37
180.08
183.02
172.71
182.36
180
178.47
183.11
189.77
177.83
181.35
178.51
182.19
187.04
188.93
181.13
178.85
176.63
174.71
174.29
175.93
178.19
180
180
180
180
180
180
180
180
180
180
180
180
180
180
180
180
180
180
180
180
180
180
180
180
180
180
180
180

