167.54
166.99
166.33
167.18
166.07
170.18
168.98
169.97
169.01
181.11
162.04
156.21
157.35
155.6
162.86
168.42
171.31
173.84
164.93
166.86
163.75
166.08
160.62
163.7
174.36
178.67
172.81
171.76
178.7
179.77
176.79
175.69
177.67
179.65
175.6
172.44
176.22
179.43
177.09
170.15
176.94
177.79
176.24
177.33
178.43
171.54
163.12
165.1
167.02
164.77
160
155.1
161.36
162.79
164.51
159.7
152.3
157.19
157.28
164.73
153.35
159.12
163.01
155.71
159.5
160.56
155.08
169.67
167.39
169.35
166.96
166.63
167.05
166.61
166.4
166.05
180
180
180
180
180
180
180
180
180
180
180
180
180
180
180
180
180
180
180
180
180
180
180
180

