159
163.91
158.82
165.14
160.53
151.22
160.72
156.35
160.49
145.86
140.6
141.98
148.52
140.53
127.9
137
151.35
142.14
137.23
140.78
136.84
146.39
131.77
127.53
122.89
124.7
125.35
118.19
120.74
121.14
122.2
120.79
121.83
122.15
123.83
120.93
124.93
133.7
131.58
146.6
157.65
136.47
128.04
136.22
145.7
119.25
131.53
181.28
168.1
169.27
113.76
171.38
167.54
175.26
147.43
167.71
176.63
167.37
156.22
166.75
169.1
168.96
168.84
165.28
165.36
166.11
162.7
180
180
180
180
180
180
180
180
180
180
180
180
180
180
180
180
180
180
180
180
180
180
180
180
180
180
180
180
180
180
180
180
180

