187.95
186.33
194
193.69
190.63
191.31
187.05
194.21
205.16
203.08
191.68
195.74
199.47
200.94
195.52
196.42
206.46
206.21
203.14
201.05
197.85
202.8
202.15
199.46
200.72
200.53
201.5
199
200.32
199.78
200.79
199.21
198.97
200.14
200.85
199.33
200.67
203.46
201.03
196.13
152.11
192.66
196.51
191.99
192.25
191.38
192.63
192.21
194.47
200.06
199.52
185.86
182.35
200.27
176
187.74
181.88
176.37
182.15
181
180.67
182.13
179.59
178.25
177.58
176.91
177.74
180
180
180
180
180
180
180
180
180
180
180
180
180
180
180
180
180
180
180
180
180
180
180
180
180
180
180
180
180
180
180
180
180

