273.33
270.79
270.48
268
267.5
266.98
267.3
268.2
265
268.07
269.34
268.52
265.8
264.73
264.19
265.46
265.27
265.23
266.02
266.35
266.12
268.09
268.05
266.15
263.29
263.89
270.78
272.55
265.01
267.35
270.56
269.23
271.12
271.15
270.18
287.63
294.29
281.27
259.1
303.87
289.84
281.7
301.25
276.28
279.76
287
287.92
287.93
287.67
285.6
279.68
290.22
285.6
282.77
282.08
180
180
180
180
180
180
180
180
180
180
180
180
180
180
180
180
180
180
180
180
180
180
180
180
180
180
180
180
180
180
180
180
180
180
180
180
180
180
180
180
180
180
180
180
180