274.26
269.65
269.37
272.28
271.92
267.25
267.64
264.98
266.24
265.48
266.63
261.11
264.53
262.58
261.04
261.65
260.97
260.63
262.15
263.89
262.7
266.56
262.25
264.47
264.89
261.85
266.04
262.88
262.94
267.4
269.93
268.17
268.66
266.12
268.14
268.31
267.31
267
272.51
269.87
276.41
273.08
268.52
273.47
263.18
269.8
285.87
276.55
256.79
281.85
277.09
273.8
288.94
285.54
297.91
294.25
285.42
283.06
283.79
281.47
279.03
282.36
180
180
180
180
180
180
180
180
180
180
180
180
180
180
180
180
180
180
180
180
180
180
180
180
180
180
180
180
180
180
180
180
180
180
180
180
180
180