223.06
223.38
224.85
221.94
218.37
215.9
216.78
217.99
219
216.55
215.07
214.23
215.26
216.19
217.14
218
216.07
214.63
215.03
217.93
210.34
213.33
212.85
213.32
216.99
213.39
218.23
214.59
212.56
218.81
217.51
213.95
220.26
217.74
216.05
216.34
217.66
218.27
216.7
218.75
224.7
218.35
216.37
216.49
222.02
215.04
214.8
214.15
221.21
213.07
216.58
217.5
224.53
221.73
221.61
222.59
220.9
222.13
221.01
221.43
221.99
222.26
221.33
221.7
220.4
180
180
180
180
180
180
180
180
180
180
180
180
180
180
180
180
180
180
180
180
180
180
180
180
180
180
180
180
180
180
180
180
180
180
180