216.27
217.29
214.06
214.81
212.08
213.14
212.6
212.9
213.54
214.11
212.68
213.14
212.43
213.1
212.45
212.35
212.53
212.03
213.12
213.44
213.18
211.98
211.77
212.23
211.18
210.57
210.23
210.24
212.05
212.33
212.89
214.54
215.19
215.06
214.98
212.13
211.44
212.9
213.07
212.62
212.46
212.92
210.07
212.95
212.04
212.91
212.56
212.77
213.81
214.83
214.19
213.26
214.65
214.92
216.9
215.27
216.8
212.6
210.17
209.36
212.55
215.31
215.16
214.75
215.09
216.64
214.77
215.1
215.01
215.24
215.99
211.97
218.94
216.74
217.24
216.67
216.79
216.73
216.45
216.29
216.66
180
180
180
180
180
180
180
180
180
180
180
180
180
180
180
180
180
180
180