213.91
213.01
212.82
212.08
212.17
213.14
212.29
213.5
212.01
211.94
212.22
212.99
212.66
212.95
213.25
213.23
214.16
212.91
212.67
213.52
213.41
212.77
212.2
212.8
212.74
212.5
212.78
213.17
212.28
212.66
213.25
213.95
213.84
213.14
213.81
214.67
215.04
216.8
213.8
213.84
215.31
213.14
212.39
214.08
212.86
213.83
213.61
214.12
213.04
214.71
214.51
214.63
215.68
216.39
216.13
218.21
219.09
215.95
215.87
220.08
213
213.69
213.08
216.31
216.87
216.64
216.72
216.87
217.1
216.62
180
180
180
180
180
180
180
180
180
180
180
180
180
180
180
180
180
180
180
180
180
180
180
180
180
180
180
180
180
180