237.35
238.39
234.97
237.16
236.19
235.99
236.74
236.91
237.72
235.49
236.09
236.14
234.95
235.31
234.7
233.46
233.63
233.78
233.28
233.57
233.36
232.05
229.57
229.48
230.26
230.1
229.94
230.2
230.85
230.86
228.77
229.3
229.9
226.24
229.45
230.71
236.86
236.27
239.89
235.51
234.19
233.43
233.47
233.33
233.91
236.64
228.4
235.79
228.18
224.32
234.79
230.21
233.02
230.58
231.7
233.96
237.08
233.76
232.61
237.46
233.81
233.55
234.42
235.26
234.71
233.92
234.24
234.86
225.52
228.72
230.38
234.39
180
180
180
180
180
180
180
180
180
180
180
180
180
180
180
180
180
180
180
180
180
180
180
180
180
180
180
180