196.62
197.12
197.01
197.29
197.02
197.74
197.64
198.38
198.94
198.82
198.69
198.12
198.4
198.79
198.41
198.32
198.13
197.98
198.4
198.5
199.15
198.66
198.58
198.23
198.59
198.49
198.97
198.31
198.46
198.49
198.05
198.56
198.19
198.93
201.58
197.99
197.81
196.06
199.37
199.11
195.71
197.06
196.63
196.67
195.37
196.9
197.17
196.6
196.9
197.35
197.19
197.13
197.06
196.96
196.16
197.11
196.07
197.1
200.76
195.84
196.22
196.51
197.88
196.39
196.47
196.46
196.91
196.94
196.5
195.76
196.16
196.53
196.54
196.51
196.19
196.52
180
180
180
180
180
180
180
180
180
180
180
180
180
180
180
180
180
180
180
180
180
180
180
180