198.29
198.71
198.79
199.59
202.44
199.79
200.27
200.34
198.99
200.77
198.61
200.53
199.71
198.69
200
199.79
200.33
200.13
200.22
200.85
199.57
201.46
202.43
195.91
199.26
200.97
200.56
201.66
198.56
199.71
199.21
201.2
200.82
198.92
199.95
198.85
199.48
199.22
199.49
197.79
199.55
198.95
199.34
198.79
199.45
198.32
198.58
196.88
198.33
198.21
197.99
199.44
198.19
198.68
197.58
198
199.99
198.88
199.62
196.65
198.49
198.35
198
198.05
198.44
197.94
197.49
197.85
180
180
180
180
180
180
180
180
180
180
180
180
180
180
180
180
180
180
180
180
180
180
180
180
180
180
180
180
180
180
180
180