262.97
268.79
266.56
268.99
264.76
267.5
265.8
265.61
263.33
263.92
263.02
264.25
262.95
264.07
261.77
260.17
260.62
261.51
261.98
261.21
259.04
257.53
259.89
258.2
258.14
253.22
259.28
266.44
264.15
256.23
268.77
268.5
256.23
265.04
255.9
252.37
265.98
262.94
264.26
263.49
263.61
265.67
274.31
277.58
289.45
246.45
262.55
270.88
275.08
266.66
273.65
281.59
279.11
283.21
275.29
263.8
275.32
267.19
270.71
270.78
258.27
257.82
279.89
288.99
278.32
277.91
267
180
180
180
180
180
180
180
180
180
180
180
180
180
180
180
180
180
180
180
180
180
180
180
180
180
180
180
180
180
180
180
180
180