269.5
268.53
269.21
267.68
270.32
268.34
265.72
263.23
261.73
261.54
268.23
263.74
263.07
257.82
258.59
260.96
262.53
262.35
260.4
260.75
257.9
257.66
257.08
259.31
256.61
257.75
257.75
256.14
248.14
257.18
254.03
259
255.58
256.92
259.49
259.06
262.6
256.85
261.97
263.45
259.32
261.25
265.23
263.28
272.88
277.75
256.21
259.32
265.66
236.88
267.5
276.79
270.56
263.77
253.68
270.56
281.23
281.13
228.37
261.38
270.62
274.63
275.01
275.17
274.51
266.75
269.68
275.31
272.87
275.63
180
180
180
180
180
180
180
180
180
180
180
180
180
180
180
180
180
180
180
180
180
180
180
180
180
180
180
180
180
180