271.38
263.82
264.89
259.6
263.88
260.99
263.14
262.78
260.86
263.28
263.55
264.43
262.12
264.12
262.31
262.15
262.75
263.72
265.34
260.47
263.47
262.06
263.77
262.99
263.44
263.55
262.95
262.38
265.84
262.77
261.07
261.22
262.55
260.24
264.09
262.35
262.07
259.58
262.43
261.54
260.89
258.43
259.6
266.25
263.27
257.17
266.9
264.62
262.89
262.86
264.1
269.65
266.61
268.02
224.42
256.29
219.91
271.82
256.57
260.95
265.18
258.94
267.38
254.18
258.04
261.43
273.55
266.16
273.93
269.77
262.7
261.16
180
180
180
180
180
180
180
180
180
180
180
180
180
180
180
180
180
180
180
180
180
180
180
180
180
180
180
180