216.27
212.7
210.71
209.76
210.92
212.84
211.98
212.83
212.28
208.7
210.91
211.54
211.1
212.38
212.56
213.67
212.8
212.94
211.75
212.38
212.61
213.61
213.53
212.49
211.81
213.88
215.14
213.82
213.4
214.12
214.79
215.06
214.37
213.87
216.21
213.03
213.72
217.18
219.22
212.48
213.51
219.92
214.04
213.64
211.98
213.56
214.14
215.8
214.56
212.9
214.69
214.85
215.1
215.39
215.06
215.73
216.22
216.23
213.31
217.72
215.8
217.03
216.95
213.35
214.61
211
215.25
217.3
214.27
214.74
214.68
215.18
=AFB73
180
180
180
180
180
180
180
180
180
180
180
180
180
180
180
180
180
180
180
180
180
180
180
180
180
180
180