219.94
216.74
217.85
218.24
215.84
216.81
216.99
219.17
216.85
218.62
219.28
216.56
216.9
219.57
220.09
221.55
220.4
220.87
227.21
219.84
217.62
222.9
227.28
224.2
221.96
221.71
224.32
223.05
220.63
217.76
219.53
216.64
219.41
218.32
221.34
222.26
222.64
210.4
217.12
227.73
217.08
218.9
240.99
228.24
219.37
219.88
226.23
230.17
216.72
230.77
206.01
228.76
222.01
218.54
219.23
225
220.98
219.37
180
180
180
180
180
180
180
180
180
180
180
180
180
180
180
180
180
180
180
180
180
180
180
180
180
180
180
180
180
180
180
180
180
180
180
180
180
180
180
180
180
180