201.48
202.76
205.36
207
205.11
202.52
201.55
202.29
202.75
202.62
201.35
201.93
202.35
201.73
203.22
202.56
201.47
200.39
200.14
201.92
202.14
201.54
202.11
199.27
198.44
197.51
200.19
200.26
199.74
199.23
197.42
200.32
199.78
199.07
202.91
202.12
201.02
202.87
202.93
201.26
201.32
202.16
201.94
201.69
201.59
201.08
200.37
199.13
200.99
205.23
203.77
203.31
201.1
203.02
203.84
199.97
205.38
204.32
201.25
203.11
204.04
203.74
203.68
202.47
203.42
203.77
203.06
=ABO68
180
180
180
180
180
180
180
180
180
180
180
180
180
180
180
180
180
180
180
180
180
180
180
180
180
180
180
180
180
180
180
180