202.8
203.1
204.14
205.51
205.63
205.67
204.25
203.28
203.26
203
203.43
203.03
202.56
201.13
201.59
202.75
202.18
201.7
201.78
202.27
202.36
199.96
200.21
199.57
199.11
200.36
199.44
199.66
200.3
200.61
199.27
198.86
195.77
197.1
199.38
205.77
206.56
207.17
200.46
201.37
201.6
201.37
201.25
200.76
200.15
200.04
201.45
203.36
202.05
206.68
204.84
202.62
202.13
203.5
205.56
201.92
203.21
203.96
203.32
203.14
204.18
203.73
204.23
203.61
203.15
203.94
180
180
180
180
180
180
180
180
180
180
180
180
180
180
180
180
180
180
180
180
180
180
180
180
180
180
180
180
180
180
180
180
180
180