198.85
197.72
203.36
211.13
215.83
210.16
210.13
211.2
208.87
202.98
200.73
198.52
202.2
203.25
205.07
203.94
202.37
201.76
201.65
203.08
202.51
202.75
202.07
200.86
201.66
202.63
203.17
201.42
202.1
201.77
202.92
202.66
201.91
199.62
199.18
201.01
201.18
200.86
200.68
200.42
200.29
200.15
199.99
200.88
198.32
199.3
199.33
204.02
204.7
206.12
205.77
201.98
201.97
202.17
202.76
201.19
200.41
202.2
203.05
203.23
199.75
206.01
202.92
203.71
204.07
205.17
205.32
204.06
204.45
206.21
206.13
204.47
210.85
200.33
198.89
=ADK76
180
180
180
180
180
180
180
180
180
180
180
180
180
180
180
180
180
180
180
180
180
180
180
180