181.75
181.9
184.15
184.56
184.06
182.96
182.22
183.58
183.24
183.02
182.92
184.6
183.18
184.38
183.42
184.5
183
184.75
184.98
183.25
183.55
184.99
185.66
184.77
184.18
181.42
183.27
184.1
183.65
182.99
183.86
184.7
182.81
183.32
183.73
183.57
182.91
184.71
186.54
185.84
183.66
182.95
188.89
186.13
185.24
184.44
183.99
183.61
192.5
189.91
184.82
189.23
187.49
187.47
189.58
188.29
188.21
188.65
187.85
180
180
180
180
180
180
180
180
180
180
180
180
180
180
180
180
180
180
180
180
180
180
180
180
180
180
180
180
180
180
180
180
180
180
180
180
180
180
180
180
180