189.48
185.05
186.27
186.23
186.93
186.02
183.62
182.91
183.25
183.66
184.75
187.05
187.14
186.84
188.77
189.15
189.12
188.01
188.16
188.99
188
188.73
188.21
189.68
188.65
188.72
188.19
188.65
187.99
187.96
188.55
190
188.67
189.07
188.66
188.98
188.51
188.85
188.58
188.32
188.62
188.66
189.12
189.55
188.06
190.27
190.95
189.51
188.89
189.3
189.77
189.43
188.85
189.55
190.65
189.86
189.75
191.05
193.76
189.33
189.53
191.95
190.03
188.86
190.19
192.15
190.74
190.53
190.19
192.73
191.43
191.01
189.33
188.59
188.01
=ADL76
180
180
180
180
180
180
180
180
180
180
180
180
180
180
180
180
180
180
180
180
180
180
180
180