255.11
254.83
257.39
256.43
254.82
257.78
253.7
250.92
246.06
249.62
249.63
253.99
250.27
249.14
248.53
247.87
246.91
245.92
247.27
248.91
249.84
241.24
244.69
239.11
245.64
244.12
250.82
243.39
248.81
252.96
257.99
251.59
255.24
252
251.05
249.86
250.01
249.19
249.78
255.52
255.11
248.02
248.99
252.04
254.55
252.29
248.01
254.96
259.37
255.19
256.7
268.14
251.61
260.47
246.34
245.14
258.68
258.93
254.88
253.06
254.17
256.06
258.37
253.56
253.91
247.94
180
180
180
180
180
180
180
180
180
180
180
180
180
180
180
180
180
180
180
180
180
180
180
180
180
180
180
180
180
180
180
180
180
180