231.14
217.5
222.13
225.4
226.77
226.43
227.44
224.77
223.68
224.63
222.56
223.91
224.05
226.05
225.96
226.45
226.58
226.74
227.59
225.93
227
226.58
226.01
225.35
225.96
225.89
225.33
227.33
229.69
226.63
228.03
227.56
228.9
230.33
227.71
228.48
225.73
225.02
227.62
223.85
223.47
227.2
227.79
226.5
226.69
227.87
227.47
223.82
228.78
228.44
223.93
222.46
230.97
227.43
226.52
223.21
227.49
226.35
226.69
225.52
225.99
225.83
226.61
226.62
226.11
180
180
180
180
180
180
180
180
180
180
180
180
180
180
180
180
180
180
180
180
180
180
180
180
180
180
180
180
180
180
180
180
180
180
180