225.66
226.84
225.97
227.24
225.13
224.98
223.97
224.48
223.96
225.13
228.45
229.44
231.2
226.31
225.96
225.99
226.54
226.89
225.87
225.52
226.05
226.49
227.59
229.22
229.69
229.57
231.36
232.71
230.26
230.52
230.56
227.02
228.47
226.99
226.5
225.47
228.02
229.26
226.14
224.35
226.96
227.78
228.86
228.44
227.82
227.31
228.73
230.75
224.5
227.94
230.93
227.73
224.9
227.43
229.25
226.49
230.19
226.51
201.16
226.84
228.54
228.57
228.02
228.35
227.51
228.48
230.67
230.65
224.4
224.77
180
180
180
180
180
180
180
180
180
180
180
180
180
180
180
180
180
180
180
180
180
180
180
180
180
180
180
180
180
180