236.25
239.43
242.7
242.67
241.77
241.23
235.36
238.13
240.03
239.43
238.13
241.06
239.9
237.75
238.34
235.99
236.65
235.46
241.38
237.54
237.15
236.68
236.95
234.25
238.55
235.13
236.03
235.07
236.04
235.28
235.86
236.53
237.25
236.43
237
236.78
236.52
234.33
237.2
234.52
232.44
236.31
236.28
231.85
240.2
243.75
237.1
239.99
239.39
238.78
237.89
238.45
239.14
240.31
240.51
239.56
241.75
240.78
239.97
237.93
233.36
241.37
235.51
251.99
230.03
238.08
238.57
238.84
239.24
238.05
180
180
180
180
180
180
180
180
180
180
180
180
180
180
180
180
180
180
180
180
180
180
180
180
180
180
180
180
180
180