261.32
257.48
254.52
254.57
254.94
257.61
252.89
251.85
254.26
252.32
252.57
253.47
253.61
255.22
253.74
253.07
249.5
251
252.9
250.91
250.7
251.96
251.39
253.86
249.47
252.47
250.9
251.58
244.85
245.12
254.96
251.41
248.01
248.82
247.55
255.46
255.01
256.8
253.48
250.55
253.73
250.6
253.02
252.33
251.99
254.31
251.89
254.34
256.89
258.94
266.35
241.31
253.04
258.68
250.82
260.45
259.92
258.83
252.97
257.11
250.88
259.95
257.37
259.01
256.75
180
180
180
180
180
180
180
180
180
180
180
180
180
180
180
180
180
180
180
180
180
180
180
180
180
180
180
180
180
180
180
180
180
180
180