243.11
240.3
240.15
243.81
237.91
244.36
240.83
243.04
241.6
241.04
239.56
239.4
238.52
237.32
238.82
238.58
238.17
238.06
238.75
237.46
235.7
237.42
239.4
237.38
238.81
238.18
238.75
234.59
236.89
237.79
235.61
237.72
237.43
230.82
238.64
236.37
238.55
235.72
240.61
239.36
240.1
236.95
242.89
239.57
241.32
240.14
239.24
240.13
238.66
238.7
238.94
240.33
239.03
240.38
248.43
241.26
251.28
241.39
238.06
222.29
232.57
225.55
223.85
233.76
239.04
239.62
239.54
238.58
239.98
240.94
238.77
239.8
230.65
240.16
239.09
240.2
180
180
180
180
180
180
180
180
180
180
180
180
180
180
180
180
180
180
180
180
180
180
180
180