254.72
253.89
252.62
253.73
251.34
251.09
251.43
252.38
254.87
251.73
252.26
250.98
251.44
251.41
252.02
252.28
240.97
250.23
250.11
251.89
251
250.77
245.75
246.4
247.48
248.52
247.93
247.16
248.8
247.87
246.15
244.28
241.17
236.12
248.84
247.32
256.06
251.81
253.66
250.62
250.72
250.01
251.3
249.67
254.73
258.74
250.46
252.23
251.1
253.59
249.53
246.95
255.2
257.36
256.29
250.13
252.84
256.03
252.97
255.3
260.86
258.96
256.1
260.17
258.64
255.93
257.1
257.07
241.99
243.43
253.52
252.22
180
180
180
180
180
180
180
180
180
180
180
180
180
180
180
180
180
180
180
180
180
180
180
180
180
180
180
180