255.39
264.49
251.6
255.37
250.45
251.93
248.46
254.04
251.38
251.89
251.2
251.57
251.64
249.19
249.95
249.8
250.36
248.46
250.22
243.69
245.2
244.75
249.37
249.83
249.9
253.22
252.45
252.19
253.15
258.17
252.12
250.74
250.85
252.3
255.4
248.72
263.2
251.19
255.22
261.59
254.47
251.81
255.72
255.15
255.43
253.11
249.99
256.88
257.56
255.19
249.47
256
256.53
257.79
249.98
253.35
180
180
180
180
180
180
180
180
180
180
180
180
180
180
180
180
180
180
180
180
180
180
180
180
180
180
180
180
180
180
180
180
180
180
180
180
180
180
180
180
180
180
180
180