140.89
139.48
138.66
138.48
138.93
139.63
140.64
141.01
140
140.95
140.66
140.11
139.93
140.05
138.21
138.22
137.76
136.55
138.13
139.2
132.23
129.09
138.42
136.79
137.55
139.32
138.51
138.71
137.8
136.81
137.07
136.76
134.73
135.66
135.89
135.85
135.49
134.88
136.34
137.6
136.77
137.44
140.74
137.73
131.11
142.13
131.39
127.47
133.38
132.36
135.89
128.99
133.78
132.38
133.15
134.91
137.88
180
180
180
180
180
180
180
180
180
180
180
180
180
180
180
180
180
180
180
180
180
180
180
180
180
180
180
180
180
180
180
180
180
180
180
180
180
180
180
180
180
180
180