170.44
170.04
169.43
169.44
168.18
166.49
166.18
166.12
167.1
167.66
167.76
167.72
166.72
165.87
165.24
165.49
165.59
165.31
164.79
164.96
164.21
164.78
164.46
165.14
165.33
164.72
166.28
166.33
165.38
160.83
162.23
163.19
163.97
165.64
169
166.61
164
169.26
167.63
167.96
166.83
166.62
168.08
170.8
168.37
167.52
169.59
169.28
169.71
174.04
171.62
176.82
173
171.18
173.55
172.91
173.32
174.36
173.74
180
180
180
180
180
180
180
180
180
180
180
180
180
180
180
180
180
180
180
180
180
180
180
180
180
180
180
180
180
180
180
180
180
180
180
180
180
180
180
180
180