174.49
176.57
167.54
159.05
158.33
164.03
159.48
153.94
150.46
160.75
153.53
157.27
154.28
154.16
156.18
159.68
157.32
157.77
152.94
145.61
141.48
143.35
143.27
150.18
152.11
148.37
143.58
145.41
146.76
145.01
145.89
148.59
148.87
147.61
148.44
148.67
147.34
148.44
147.53
148.96
147.7
146.87
148.52
146.79
148.63
150.29
147.48
148.81
154.81
145.82
152
152.09
151.34
150.64
154.34
160.8
158.54
156.93
156.36
161.47
158.9
164.39
165.84
165.15
161.4
169.96
165.05
168.23
173.63
173.2
172.64
174.94
165.95
173.87
173.27
170.57
171.89
172.94
173.26
173.12
175.57
172.9
173.45
171.46
172.48
171.02
171.69
172.07
172.5
171.66
172.27
180
180
180
180
180
180
180
180
180

