195.08
195.38
194.89
197.72
195.89
199.1
196.99
192.51
191.91
192.55
191.83
192.61
195.07
199.04
202.21
215.98
215.22
228.85
217.61
219.57
224.46
230.9
232.31
240.17
246.54
253.22
260.54
261.9
259.75
261.15
251.46
261.35
260.02
262.36
260.83
248.22
246.59
247.85
242.98
245.17
251.19
246.19
240.96
239.22
246.68
240.43
241.2
234.74
241.91
243.78
241.43
242.65
249.94
251.98
252.86
252.3
242.15
261.06
267.28
266.98
265.1
256.66
256.18
252.29
246.24
247.69
237.39
237.46
228.26
223.14
218.99
219.71
211.61
212.88
207.93
210.51
204.76
205.1
201.23
199.89
201.37
201.32
199.84
199.37
199.06
199.01
198.64
197.98
198.07
198.47
197.81
199.59
198.54
198.83
180
180
180
180
180
180

