215.06
214.57
214.52
215.98
213.52
217.47
216.18
216.59
217.39
216.84
215.22
215.45
216.59
218.84
223.2
239.26
238.03
244.16
235.05
236.74
246.38
247.85
253.99
254.02
253.23
250.21
242.31
248.61
244.38
244.81
239.61
241.7
240.71
245.09
236.22
225.61
225.07
226.57
223.66
225.49
227.91
222.49
223.94
221.29
223.68
219.82
221.53
217.49
222.48
224.13
221.99
220.98
225.36
230.32
234.07
232.03
220.49
237.32
241.28
246.46
248.93
252.72
249.24
254.08
255.57
244.53
252
251.13
251.34
249.99
241.39
241.99
234.17
235.74
233.69
233.1
232.17
225.99
226.7
224.07
223.61
223.51
223.52
223.05
221.75
221.13
222.68
222.31
221.16
220.54
221.5
220.5
221.4
221.87
180
180
180
180
180
180

