193.06
193
192.64
192.39
192.85
192.53
192.93
193.03
192.94
192.91
192.74
192.68
192.38
192.37
192.02
192.55
192.48
192.34
192.79
192.42
192.03
192.08
191.8
192.1
192.24
192.22
191.62
191.53
192.15
191.18
190.39
198.21
193.44
189.83
190.78
190.35
189.59
188
187.21
187.16
186.47
187.68
186.71
186.32
185.07
186.46
185.23
185.56
185.96
186.05
184.92
186.11
187.65
187.35
186.7
184.95
181.8
183.72
187.94
184.54
186.66
185.01
188.92
186.33
187.87
188.63
182.97
190.11
186.08
183.28
183.81
184.9
186.71
186.1
187.41
185.87
180.73
183.26
185.61
184.79
177.37
182.19
180.66
182.69
182.27
182.11
182.92
182.43
182.44
181.89
183.43
180.8
182.05
184.17
184.87
185
182.59
182.04
178.19
182.17
186.3
181.98
183.26
183.05
184.63
181.85
180.28
183.28
184.03
183.03
182.86
183.52
180.89
182.68
183.51
184.24
181.03
183.49
183.67
183.88
183.89
183.93
181.8
182.68
179.38
183.25
183.8
175.54
180.41
180.73
181.8
179.41
174.11
176.62
171.46
175.32
176.83
173.21
179.26
179.91
168.89
176.65
171.24
174.75
175.55
172.35
169.7
175.5
173.54
173.23
175.4
174.01
171.61
169.29
170.96
171.38
170.43
170.54
169.37
171
171.9
172.25
172.51
169.21
169.13
167.18
168.89
172.35
170.17
167.3
168.76
169.95
172.01
170.79
169.16
166.99
170.09
171.45
172.24
169.45
169.15
170.49
170.36
170.66
171.41
170.01
169.57
170.95
170.62
169.59
169.09
171.23
167.93
169.32
169.63
170.71
169.21
167.94
167.55
168.34
167.6
168.33
165.92
164.75
165.67
166.89
166.94
168.57
161.49
158.48
162.73
162.28
168.76
169.22
178.32
170.2
167.54
169.45
172.54
170.6
171.66
174.75
173.07
173.89
172.2
175.72
175.89
181.48
175.14
178.34
174.3
178.46
174.94
173.11
181.1
180.05
181.41
180.79
184.08
184.27
182.5
184.39
184.35
186.1
184.9
184.6
187.21
187.56
188.16
187.9
186.15
186.64

