190.4930554066447
190.35080956270033
189.8632725826314
189.42391771896678
189.53596220224125
190.377922932194
191.7218482904519
192.34308711620588
191.73817970802378
191.15139689609873
191.19627622879133
191.8302462736726
193.10044532611786
193.9341580206266
193.6972244307812
193.27893592936647
192.9891836376728
192.7016865925659
192.6874935685618
192.81294560318085
193.07670479948925
194.10071334285354
195.36248607171936
194.52993225908799
191.3127068535238
188.95365567361108
188.43662112690836
187.41441719728272
186.07758623445298
186.92232309752043
189.414160422563
189.90780308713877
191.2784805231745
206.69894239051163
225.42057832548915
195.0808263556855
194.54439214098852
182.30213012474175
187.9024951445695
192.85721346308057
189.0757683633726
188.4624591901076
189.77515731668421
189.3343668334537
188.7816538871443
187.9663853149463
186.02111969546874
183.38242418148744
180.63911037165653
179.10824500778452
179.3309924825834
179.74411302479263
179.7123598413193
180.06426013284414
180.55514906262692
180.44348758664006
179.89939185299758
179.6353638256117
179.84540340351464
180.04034396011943
180.0793579667511
180.09340695965318
180.00549357475583
179.929889096843
179.9807789514442
180.01878027555384
180.01071959888623
180.01074497574805
179.99902685496707
179.98738697050314
179.9974192837226
180.00422726556124
180.00101962627775
180.00038090687457
180.00018971526373
179.9990206973196
179.99988029954324
180.00056030465421
179.99994570023574
179.99979485465767
180.00005606367438
180.00004661765453
179.99997897125655
179.99999433359588
180.00000417127654
180.00000016784765
179.99999956788378
180.00000002149028
180.00000002567057
179.9999999991681
179.99999999801932
180.00000000034453
180.00000000000009
180.00000000000003
180.00000000000006
180.00000000000003
180.00000000000009
180.00000000000009
180.00000000000009
180.00000000000014
190.828750692321
190.997645842579
191.40531487258113
192.00738666759557
192.51647341306094
192.15575790833586
190.69693762212637
188.97739132750024
187.38664867617487
185.6447159929663
184.04617690835892
183.16461662994047
183.0298512084549
183.20633480170056
183.18867295049824
182.26586769666673
180.5050469638038
179.78996584256404
180.75996493151746
181.58462125924737
181.81613343819384
182.49331914779012
183.5102701678465
184.42406614341022
185.3177488762246
186.10765077870113
186.73772934747652
187.50949691082428
188.45336667122183
189.11387769013558
189.2304748150218
188.75063815637986
187.4383962277583
185.0759928927139
193.49377999145153
193.6635091611301
192.29759207764786
190.98017990084935
191.14122065808394
190.78722848217222
190.01356462379573
189.77832786215063
189.6293287929792
189.56726265955916
189.73206645851673
190.06956054603643
188.99768350967133
182.14748763478002
181.56378674730527
178.99865511675847
179.02145956608615
179.62422869492747
179.6730546688333
180.1399906131363
180.70548056963128
180.52427163167886
179.82700362246305
179.51949288907514
179.8512901141051
180.1085608927384
180.08536951614468
180.07291191001917
180.0038229308165
179.92734655740762
179.97729251382256
180.02261703009202
180.01483231632824
180.01206565360675
179.99788560317486
179.98488046115648
179.996920221279
180.00527031577357
180.00129940169398
180.00031420494253
180.00022869271316
179.9988814463808
179.99984069029605
180.0006612682396
179.99994114667118
179.99975395183822
180.00006630838476
180.000056357984
179.99997473315665
179.99999311076846
180.0000050406456
180.0000002112071
179.9999994747749
180.00000002501585
180.00000003173037
179.9999999989717
179.99999999755175
180.00000000042587
180.00000000000009
180.00000000000003
180.00000000000006
180.00000000000003
180.00000000000009
180.00000000000009
180.00000000000009
180.00000000000014
200.05250506043268
200.0407399518125
199.66256804978335
199.07019015526825
198.6195649236648
198.94297198451778
200.1104741189259
200.9344795728759
200.99804339373145
201.30134559517066
201.88454501413565
201.82517525831494
201.2708927893083
201.31331165938914
202.03612863571792
202.2938754448921
201.88692163765012
201.77476084797246
202.0585533089044
202.11435519758643
202.078926052513
202.63131050816102
203.39829472898327
202.63217482790557
200.27238181587225
199.06471005411598
199.73619636798628
199.97645092671013
198.95560487302507
198.36035796913188
201.80305761482015
196.21615198844034
199.50530097577217
197.27007392810552
196.59260285527148
196.67811888558012
197.87025013988688
198.59336432065194
198.358263141829
198.38256341790338
198.868041262164
199.24032562085435
199.52593143773638
199.59466849077077
199.28668388965608
199.0332263161947
196.23268583687096
182.9495865524903
182.40149561920984
178.40767108059893
178.89269146795803
180.10258811793892
179.61101277793375
179.83304469341783
180.6775370101212
180.6221380891394
180.00698482223277
179.6413972872367
179.65538732136835
179.8661937323677
180.18152279913895
180.28096740326856
179.98499647304354
179.81899515399658
179.96979655153262
180.05032963988532
180.02375288248837
180.0229456299619
179.99681356036677
179.97092322693751
179.9941280905004
180.0100908424347
180.00243665652872
180.0006051764919
180.00044310941556
179.99786319519862
179.99969765001774
180.00126067175418
179.99988710134406
179.99953155426837
180.0001263947944
180.00010721408577
179.99995190156767
179.99998690543535
180.00000958922317
180.00000039881974
179.99999900190522
180.00000004792835
180.00000006011106
179.9999999980519
179.99999999536192
180.00000000080672
180.00000000000009
180.00000000000003
180.00000000000006
180.00000000000003
180.00000000000009
180.00000000000009
180.00000000000009
180.00000000000014
179.1426695014475
179.34860257526537
179.85808836308235
180.61645600631513
181.3479470145014
181.36099805290652
180.6912039657839
179.71606387375508
177.85964744190517
178.08142354573155
175.42195473901538
176.61745507176198
177.829090095186
180.0666792707415
177.57565050948557
176.1786763951753
175.0878573431497
175.0823081750986
175.76344366317562
174.6327252583365
175.97435114653183
177.4358808309108
177.16082461052937
177.85010354406978
178.1045587021861
178.61809073709088
179.1450284040407
178.41617055608208
178.97838167339833
178.26655259218464
177.7338559954984
178.28016599335217
178.22457276099308
178.22571362553376
177.89689521110995
179.87070526704798
179.1621081462619
179.69236266147146
179.25910004665255
178.75438222713288
178.3383555086482
178.0743464790819
178.10753853851355
178.3978577573078
178.81075735456128
179.2237488059377
179.5083778676631
179.69171933637395
179.81774181711742
179.92615681733827
180.0575117463423
180.10528195850605
180.03711134558557
179.9740395298798
179.9534652880612
179.95978108836925
180.0023293245905
180.03342973393865
180.01833143164333
179.99944014607757
179.991817652368
179.98834342687869
179.99889605065536
180.00756227304416
180.0024459195299
179.99860259600624
179.99863473146905
179.9982466466024
180.00014958077088
180.00166715296902
180.00030846661767
179.9994840900834
179.9998748925446
179.99992852861234
179.99997714945465
180.00013537794734
180.00001350630632
179.99992533281153
180.00000786028664
180.00002688407295
179.99999254029012
179.99999394469378
180.00000275218315
180.00000072946054
179.99999945805808
179.99999997981934
180.0000000555498
179.99999999702288
179.99999999680267
180.00000000010368
180.00000000024676
179.99999999995714
180.00000000000009
180.00000000000003
180.00000000000006
180.00000000000003
180.00000000000009
180.00000000000009
180.00000000000009
180.00000000000014
185.56397401998703
185.57183799524105
185.15259286168487
184.58881059863995
184.23636932509353
184.58570400348646
185.63618687718812
186.1651488293375
185.72293860227492
185.38867891597593
185.61273863237673
186.40358561365846
187.15670762599774
185.0606779066563
188.06271261022377
187.3643841695922
186.56794548938663
187.11756041791645
188.56488882119552
189.60213471119496
190.68339586693915
191.335074698485
191.68721261412117
191.07182125733036
189.61331620641405
187.90674174884077
186.48468421038345
185.79979192691104
185.24012796453508
181.907620615615
177.0763535011552
179.95595292467857
188.92875326323698
183.5000449028603
186.17844202718297
188.0584850504191
186.84393414233634
188.42005859909682
187.58825970844816
186.9583608014395
186.180428553872
185.5152145762467
185.40342811991528
185.6960005304946
186.05863371947086
185.79894172516236
184.49046928159316
182.64481287369796
180.75982390129556
179.41032210561497
179.1065435157174
179.4396700419781
179.98611578257206
180.42403957847588
180.37366126976016
180.11625155003478
179.91282748486833
179.793076465752
179.9002575893273
180.04297935767147
180.05710354553236
180.0458088918699
179.99964851814386
179.95726322235063
179.98710231775107
180.0133082159239
180.00883874957358
180.00712041906633
179.99869988271072
179.99106436079896
179.99816851206918
180.00311029332957
180.00077953679767
180.00019242295954
180.00013349896778
179.99933430109144
179.9999055950817
180.00039316843294
179.9999649901743
179.99985372699314
180.00003943716192
180.000033490692
179.99998497544158
179.99999591308026
180.00000299498882
180.00000012329153
179.99999968872908
180.0000000151141
180.00000001866675
179.99999999939507
179.99999999855973
180.00000000025054
180.00000000000009
180.00000000000003
180.00000000000006
180.00000000000003
180.00000000000009
180.00000000000009
180.00000000000009
180.00000000000014
178.56707219977812
178.99152192596407
179.94241853188416
181.0866186265903
181.95880555242027
181.73570270802247
180.2705921793524
178.858803919974
177.8683253823863
175.93893875308737
173.124010583989
171.15423413378062
170.60429973986842
171.0517711235195
171.95975754365062
171.5086106665453
169.23288017636293
168.17338574258525
169.28346197081845
170.06192425367516
170.1164809194551
170.6836548824577
171.60626754286548
172.66962590964468
174.00009497373176
175.06120909798298
175.54472171226968
175.78456029723787
176.24336945541262
177.90400849266135
180.20710462200583
179.30269801327296
175.72408456981987
177.9963746536314
184.8222237016842
178.56321350962102
180.82782729211326
177.35724259466514
178.91145197192978
179.04605236303448
177.9267255960252
177.48512552204605
177.53576529683284
177.5717714093614
177.85704510380816
178.33188582693995
178.79952795421502
179.28938229684928
179.75104738407947
180.08057907155958
180.24410314637353
180.21613162353512
180.0383067646098
179.8868853997863
179.86845683516162
179.92533641772107
180.01859609954954
180.08040184542406
180.04459024292902
179.99547898406254
179.9803314250971
179.9754307223706
179.99605218266896
180.0151207973043
180.00550324245336
179.99751190369622
179.9978524679384
179.99677129756037
180.00003901848245
180.0029868168364
180.00052359570668
179.9990700023075
179.99981987417257
179.99988575464772
179.9999520193325
180.0002303564461
180.0000229222224
179.99987401959413
180.0000136681644
180.00004487981528
179.99998741703698
179.9999899758552
180.00000459195104
180.00000119043352
179.9999991033301
179.99999997154478
180.0000000901143
179.9999999945126
179.99999999512787
180.00000000015797
180.000000000376
179.99999999993466
180.00000000000009
180.00000000000003
180.00000000000006
180.00000000000003
180.00000000000009
180.00000000000009
180.00000000000009
180.00000000000014
179.8471172324716
179.82488318831835
179.13180063759964
179.7823901279603
181.14922518755978
178.25915823636043
180.3013968531951
178.9745034459919
178.08590210492284
176.45473944099606
174.3110242779281
172.1811053069878
173.4877348720589
171.90613319133777
177.23848847872765
175.84287662794455
171.12385330449575
169.68950989026388
173.5088618131803
175.72100300300477
175.10225918076006
175.46922634308265
176.63927750472735
177.30219528450618
176.55657717621406
174.76845230041909
172.09811711893423
172.56660287322222
176.20410008243263
175.7667889490716
175.91010191488382
179.94102835328275
176.15407170415455
173.18026459982258
174.97982571107573
174.521572654919
176.63538654767186
177.6586070711653
177.49066909369998
177.25433092252362
177.4732886312926
177.67433449473538
178.02062895563824
178.2106824922833
178.0039695111977
178.05191172857582
178.56026933270948
179.14701748365923
179.71690976511337
180.15986610863857
180.28248856799252
180.18737427557824
180.0068912350585
179.8634933726234
179.88242985744347
179.96428393469975
180.0281101491597
180.06606706746703
180.03043083623564
179.98466685250827
179.9818949906438
179.9864165209393
180.00066388502802
180.01375873645287
180.00400903249738
179.99542997169416
179.99700210371094
179.99777236360111
180.00047588633478
180.0029150527006
180.00062124520497
179.99898337535626
179.99972712280825
179.99993080018487
179.99995949884897
180.00022413489725
180.00003091214464
179.9998672875991
180.00001179115114
180.00004960773416
179.9999867315385
179.99998855126162
180.00000508391875
180.0000014319223
179.99999897428535
179.9999999469692
180.00000011053518
179.99999999605365
179.99999999269176
180.0000000002369
180.00000000056397
179.99999999990197
180.00000000000009
180.00000000000003
180.00000000000006
180.00000000000003
180.00000000000009
180.00000000000009
180.00000000000009
180.00000000000014
199.39368542377483
200.0649450308588
201.5075487843655
202.0830744264366
201.24975519363406
200.78558586882176
200.95196145916427
200.00696565366388
197.96297724986476
196.462007976732
195.81052150220503
195.18697217702442
194.58244517368433
194.3567677144801
194.29208026455336
194.05477196949403
193.59948173584618
193.08381825345225
192.75400151590495
193.0734349171945
194.0608244474569
194.6955112473398
194.67741016200824
195.04462781070598
196.001699434671
196.8447387193397
197.53453980830898
198.32227871959896
199.0493909136341
199.49145745364345
199.51954002485385
198.94424943922488
198.14532220308064
198.5907681136975
200.5498247800453
201.96691759072323
202.00784674722445
201.64224692169824
200.94362826761105
199.90586495691767
199.1926577605568
199.19374636662732
199.74772785034867
199.82283437142303
199.05993446714433
198.6754570176187
196.23378528214522
183.34065327752737
181.90785488261525
177.92445608037886
179.07620741342583
180.47621131673685
179.61918629767766
179.66587660798515
180.61605377529324
180.61733446954523
180.04411208244287
179.70450632231135
179.6446164721296
179.81568207883802
180.1820134652173
180.3032001719173
179.98623424576695
179.81589269539433
179.97087567074888
180.04859129163836
180.02184249595265
180.02318459558242
179.99747786247593
179.9715624034119
179.99425292602072
180.00969383915114
180.00233857657517
180.00071347079145
180.00042897352355
179.99786196493633
179.99971635132096
180.00124346766893
179.9998845350327
179.99954107503606
180.00012458999856
180.00010465501194
179.99995290480047
179.99998726621965
180.00000936092124
180.00000037710157
179.99999903011553
180.00000004817832
180.00000005764448
179.99999999813184
179.99999999555223
180.0000000007736
180.00000000000009
180.00000000000003
180.00000000000006
180.00000000000003
180.00000000000009
180.00000000000009
180.00000000000009
180.00000000000014
179.7402739468668
180.78055145845784
179.90344949700065
180.54070171212194
180.20190324006464
180.1827873101464
179.88739178365273
179.44288669823572
178.81197668956946
178.0875716352007
177.42063608219513
177.03643895238739
177.14535789177268
177.8331558165725
178.8049546829729
179.07018083575403
176.8547017010301
176.55861799070246
177.8936126664331
178.19034061521253
178.3056326988764
178.27704120908083
178.85703748859223
180.19900514259024
180.87293466532898
178.44839993592214
173.5978442772178
175.34047876708064
180.67879755962642
179.62669517034703
176.75302010090078
206.88288248022326
178.73502714111717
178.67808044136362
178.75249154734743
186.36619293720588
179.8830563412374
179.0585402016562
178.0168790019972
177.2197643249405
178.0528448466212
178.9246376049214
178.4055171879011
178.12350266639115
178.18585247563962
178.4204160202027
178.75163238824854
179.4511329603771
179.80820774713808
180.11400742296055
180.1880136174338
180.11343963725457
180.0139107793424
179.9273726166051
179.91276533781476
179.95832002380806
180.0156072385174
180.04954476282035
180.02763474121357
179.99550088194746
179.98549686387042
179.98437261478304
179.99942451862367
180.011731634087
180.0036433042528
179.99711292194192
179.99767256829816
179.99761515232555
180.00033558455988
180.00257232718326
180.00047276796704
179.999133749233
179.99980279807176
179.99993976337745
179.99996137312922
180.00018789419116
180.00002472094368
179.99989037890262
180.00001019211206
180.00004056053737
179.99998905266236
179.99999069449024
180.00000415221427
180.0000011568257
179.99999916626555
179.9999999587209
180.00000008918218
179.99999999658448
179.9999999942143
180.00000000018755
180.00000000044648
179.9999999999224
180.00000000000009
180.00000000000003
180.00000000000006
180.00000000000003
180.00000000000009
180.00000000000009
180.00000000000009
180.00000000000014
191.93281462293544
192.18898250367963
192.74036577674377
193.60781110554598
194.5830872122032
194.99963558068353
194.49419121324158
193.26400641129865
191.56657249353268
189.96817345688956
188.9316976144163
188.19780729394648
187.6346927106411
187.2515517176426
186.90656867624975
186.77794168767053
186.90880177789128
186.95779555334215
186.8185999480475
186.60219252204155
186.46915092219757
186.8879052348338
187.98724266924881
189.06215353736408
189.81698263357575
190.6263431898676
191.25568376668787
190.93076587612427
190.10524866990073
190.96523062346674
190.16205182976034
174.68468794565538
190.38555540223587
189.643179895486
189.6877890367499
190.78857169690625
193.26394753666278
194.2762126151274
194.13912619344302
193.4054191352543
192.01126695590088
190.87576941253164
190.69591457502773
191.10953846885104
191.55875013313516
190.81567818267987
188.15403036647308
184.7037405685745
181.40869261376687
179.03348965447321
178.40541378063287
178.95745563807998
179.9465274952015
180.7437736156114
180.6894554317522
180.24523877708432
179.8490972615085
179.61173086714533
179.80798945215932
180.07036884267936
180.10574780747376
180.09228950567604
180.00212880134353
179.91998923031625
179.97518932363414
180.02314284523308
180.01598224312102
180.014073832702
179.99782144081976
179.98325579458879
179.99663328511687
180.0057255544467
180.0014085548654
180.00041356912618
180.0002493840871
179.99873857243344
179.9998307085558
180.00073618869254
179.99993229478983
179.9997276744785
180.0000737655792
180.0000622012567
179.99997205179588
179.99999241186677
180.00000556413272
180.0000002298291
179.9999994214339
180.0000000279908
180.00000003474506
179.999999998874
179.99999999731915
180.00000000046631
180.00000000000009
180.00000000000003
180.00000000000006
180.00000000000003
180.00000000000009
180.00000000000009
180.00000000000009
180.00000000000014
171.72657702065956
171.0330071823379
171.49625194123018
172.17731489893544
172.21358610977066
172.59840661365797
172.50625031082
172.32189633032294
171.8969178361756
170.66206513423975
171.36480239188032
172.5586906193284
174.46207053512438
178.68703849291222
173.20945921194533
171.15721419391417
171.64835698364675
172.33512379222162
172.27948643184595
172.03068093900453
173.20689647591232
174.0048788508796
173.75908457293903
172.3680868423149
171.48674219108128
170.22193442666958
169.99663592611043
170.33136365306856
170.96143731240196
171.25617899691343
169.00484091934186
172.67638044437038
168.64630779619787
170.0755222152852
169.80643475374598
170.20128457475457
169.5929925305717
171.18828876531458
170.6739641864679
168.89019433006797
170.1720622411767
169.60318375503334
169.7066226399807
170.4903197057746
171.69476360985936
171.702970756382
171.87899153994232
178.72479575028967
178.33614363597894
179.8845087937293
181.30035179182946
180.9019363195565
180.05165478827635
179.49954719338373
179.50186032915394
179.78767565060423
180.0998068294663
180.29620345344992
180.14363090813816
179.94836767100486
179.92035532058262
179.9273505642056
180.00008785459562
180.06377069026377
180.01881347832412
179.98117700585166
179.98688216952377
179.98871579771392
180.00197588967802
180.01353535452435
180.00273132804142
179.99536463783596
179.9988289831186
179.99966721192203
179.9998029033033
180.00102230267964
180.00013886196115
179.99940143343264
180.000054447816
180.0002219273805
179.99993999626702
179.99994925481573
180.00002278496825
180.00000619243906
179.99999546112647
179.99999981243238
180.00000047199015
179.99999997717686
179.99999997164988
180.00000000091887
180.00000000218753
179.99999999961958
180.00000000000009
180.00000000000003
180.00000000000006
180.00000000000003
180.00000000000009
180.00000000000009
180.00000000000009
180.00000000000014
172.87575740889895
173.18938944336628
174.219250782728
175.65227611047882
176.83118040728252
176.41713648256354
174.1166456468763
171.8940078045719
170.5800952164639
169.00483581518165
167.08323637276843
165.22236732420959
167.06613399299474
168.3294985383175
169.4625563197323
168.4542932208458
164.70208980322653
163.2876357575346
165.46147418111374
166.91738265826513
166.65528298778673
167.13967945922022
168.1989968993921
168.99860857463113
169.85462503228908
170.53567958832286
171.0018416300046
172.22430934838084
173.75138668001654
172.7081398097987
175.79964019263483
172.55479559011866
171.02523369152613
169.92830772561146
172.18255521872368
173.4959328082888
172.98260657702915
173.02873172693404
173.54162276978602
173.10317642920822
171.9437058233355
171.47511655300605
171.78712881599955
171.9929567204883
171.9041633072582
172.00932514660775
173.27794898177223
178.3385191039458
178.6507908750453
180.49021083376266
180.88821426127075
180.53048508077717
180.2380866264049
179.77216334641912
179.43675053259793
179.60683894632785
180.12384651160713
180.3789444737095
180.1365067683495
179.92604441692743
179.9269912811063
179.93104049382288
179.99453967292337
180.06076400699558
180.0192725740107
179.98273071504016
179.98857808872188
179.98961497127422
180.00140911756836
180.01231991614543
180.00243500016313
179.9957660617189
179.99900999113913
179.99972526065807
179.99980759244687
180.00090689253682
180.00012487885922
179.9994698155987
180.00004858536616
180.0001958782319
179.9999468156585
179.99995538212804
180.0000201181445
180.00000539478359
179.99999601146263
179.99999985031468
180.0000004092528
179.99999997822113
179.99999997636982
180.00000000076588
180.00000000182334
179.99999999968293
180.00000000000009
180.00000000000003
180.00000000000006
180.00000000000003
180.00000000000009
180.00000000000009
180.00000000000009
180.00000000000014
