160.25
160.96
162.14
161.82
161.78
160.89
161.44
161.83
162.92
162.01
161.76
161.92
162.16
162.12
162.31
160.55
161.67
163.09
162.76
162.08
163.43
163.28
163.18
163.37
163.21
163.33
162.12
160.26
165.99
164.22
163.02
164.88
163.11
161.11
166.13
164.67
161.63
165.58
164.73
165.72
162
162.21
164.38
162.41
163.94
164.68
165.75
168.07
168
164.65
167.17
167.54
166.94
165.56
163.86
167.38
162.59
167.02
167.29
167.48
161.46
156.87
161.45
163.6
158.99
160.71
163.29
165.04
164.86
159.72
164.92
162.91
162.67
163
162.19
162.46
161.07
163.11
163.94
162.77
163.44
162.62
161.65
162.56
161.21
180
180
180
180
180
180
180
180
180
180
180
180
180
180
180



















































































