185.88
186.18
186.42
186.32
187.26
186
186.25
186.05
186.24
185.77
186.34
185.91
185.7
186.05
186.44
186.2
186.48
186.47
186.27
186.07
186.17
185.56
185.61
185.37
185.77
185.89
186.32
184.82
185.68
185.78
185.84
185.8
185.69
186.19
185.97
185.68
186.33
184.41
185.86
186.1
185.97
185.51
186.81
184.49
172.6
190.28
188.73
186.88
190.47
188.72
193.52
185.46
188.59
190.9
187.94
187.65
187.2
190.9
191.6
190.45
191.12
190.34
192.1
190.66
192.98
193.43
194.57
194.51
193.27
194.3
195.28
195.27
196.45
194.79
195.7
198.35
194.93
194.19
195.7
197.43
196.75
196.1
195.58
196.11
195.06
194.9
195.67
193.83
194.22
194.38
193.79
193.06
193.05
192.26
192.77
193.13
192.73
193.32
193.3
192.61
191.65
193.05
192.11
191.93
192.79
191.61
193.23
193.4
192.38
192.89
191.75
191.4
193.26
192.41
191.13
189.68
188.44
190.37
192.64
190.01
190.29
190.4
190.19
187.85
188
190.83
192.93
189.99
189.96
190.13
191.39
189.66
188.44
189.94
189.06
188.85
188.66
188.63
188.2
188.26
187.8
188.71
187.61
187.62
188.42
187.83
190.09
188.07
187.61
188.16
187.78
187.28
185.9
188.9
192.35
200.15
174.78
185.71
188.5
186.11
189.81
191.87
187.83
188.48
189.39
190.72
189.81
190.9
191.1
190.75
192.03
190.54
192.23
193.77
193.14
192.15
194.32
196.44
194.02
195.37
195.36
195.58
195.36
195.2
196.22
193.46
196.62
195.72
193.87
196.85
197
195.01
195.11
194.7
195.63
195.59
196.5
195.93
196.57
197.2
196.91
196.03
197.58
196.79
197.98
197.84
197.45
198.23
197.98
198.48
199.61
201.84
199.87
199.82
199.13
199.48
200.07
202.85
200.58
201.4
201.95
200.65
197.58
204.13
202.44
203.41
203.22
202.53
204.32
205.37
204.01
204.82
205.53
205.23
204.43
204.05
200.82
205.41
205.32
200.89
200.58
200.39
200.52
199.32
192.48
203.96
192.88
203.61
198.03
201.51
195.2
194.11
195.95
191.94
189.78
191.26
191.31
189.01
188.64
189.48
187.09
187.65
187.56
187.35
188.02
187.28
187.52
187.31
186.19
187.97
186.08
187.33
186.45
187.16
187.01
186.45
186.81
186.72
186.72
186.77
186.92
186.56
186.41
186.52
184.78
186.62
186.63
186.39
186.52
187.65
186.25
186.36
186.35
186.57
186.15
185.6
185.82
186.13
186.12
186.95
185.74
185.56
185.9
185.38
185.84
185.63
185.66
185.86
185.22
185.53
185.35
184.9
184.88
185.13
184.25
183.96
184.35
184.51
184.45
184.48
184.51
183.94
184.44
184.15
183.36
184.26
184.31
184.56
187.18
187.31
187
189.22
188.25
188.22
186.58
188.23
189.44
187.22
190.81
185.26
191.37
189.38
185.57
186.94
188.08
187.67
184.93
185.99
189.09
190.98
190.9
190.93
192.33
191.33
191.92
191.28
192.93
193.02
194.76
194.37
193.6
197.35
195.59
196.73
197.73
198.95
198.51
198.45
200.49
198.09
200.28
200.25
200.4
199.8
200.71
199.97
202.04
201.94
201
199.01
203.68
202.57
202.24
202
202.77
203.44
202.49
203.1
202.24
202.69
201.96
202.71
202.09
204.02
202.19
203.77
202.35
202.67
202.33
202.18
202.11
202.88
201.12
201.92
203.6
202.19
202.97
202.44
202.3
202.39
202.58
202.27
202.11
202.03
202.11
201.04
201.48
200.6
200.25
200.12
198.73
198.32
197.71
202.64
198.17
197.25
196.75
198.09
195.58
195.53
194.83
196.08
194.58
196.14
193.97
197.77
192.3
192.75
196.21
194.74
194.14
195.16
195.02
191.97
194.98
197.3
194.58
193.42
193.42
193.57
192.72
192.85
193.85
192.81
192.63
192.6
192.94
192.33
192.52
193.82
193.21
191.63
192.86
191.8
191.34
191.95
190.69
191.76
191.44
190.12
189.85
190.35
189.65
190.07
189.45
188.4
189.16
188.54
187.8
187.62
188.16
188.34
188.19
187.72
187.47
187.42
186.02
187.56
187.56
187.02
187.12
187.22
186.61
187.02
186.52
186.62
187.43
187.15
187.1
186.87
186.74
186.46
186.2
188.38
187.48
186.93
186.93
186.61
186.89
186.08
186.32
185.62
186.14
186.26
185.94
186.22
186.18
186.77
186.61
186.74
186.61
186.46
188.32
186.69
187.41
186.89
186.5
185.6
185.75
185.87
186.15
186.14
184.45
185.8
186.44
185.14
185.44
185
185.75
187.13
186.77
184.88
184.87
184.75
187.86
185.6
186.89
185.03
186.81
188.13
185.63
185.32
186.06
185.22
185.37
185.42
185.3
185.41
185.46
185.21
184.92
186.03
185.54
188.62
184.82
184.83
191.55
179.31
187.21
192.12
181.65
185.19
182.79
189.21
189.34
189.62
188.05
187.85
189.17
188.6
188.31
189.61
189.72
189.66
189.41
189.53
189.58
190.38
191.5
192.62
191.1
191.85
192.14
192.05
192.54
193.08
193.8
197
194.39
197.35
194.3
194.54
194.33
196.4
197.71
196.66
195.24
196.66
196.66
197.05
197.53
197.75
190.57
201.27
199.39
198.58
202.32
200.74
202.28
200.92
204.78
205.48
203.41
199.1
202.53
205.18
203.3
204.12
204.29
204.26
204.5
203.86
203.73
204.28
202.97
204.3
201.73
199.9
205.71
204.3
202.57
201.09
203.65
200.67
197.84
199.29
204.43
200.15
194.14
198.15
196.25
196.62
195.29
202.05
193.39
188.31
191.08
192.42
190.33
190.39
190.61
190.69
189.16
191.6
188.67
