175.9
178.47
177.7
176.66
179.21
171.88
176.55
170.84
176.02
185.47
186.13
189.28
190.14
187.7
188.76
186.36
194.54
193.93
199.68
201.26
202.13
200.38
203.98
205.39
203.21
203.31
204.75
208.9
207.32
205.42
205.03
207.1
206.82
207.3
204.66
206.26
205.29
204.3
196.5
203.54
207.1
204.92
197.01
198.16
204.73
196.9
191.11
184.7
182.32
181.84
176.89
175.73
179.73
184.01
161.31
160.14
162.14
166.74
168.29
169.91
169.67
169.43
172.91
170.69
172.3
173.56
176.35
174.76
174.98
175.67
180
180
180
180
180
180
180
180
180
180
180
180
180
180
180
180
180
180
180
180
180
180
180
180
180
180
180
180
180
180