176.88
181.74
179.32
176.82
173.29
175.21
161.97
138.56
223.88
177.98
170.46
172
169
171.41
167.49
157.14
152.95
172.59
158.3
128.82
158.86
146.35
134.73
165.25
123.07
127.09
147.95
142.63
108.07
52.05
44.47
28.07
53.03
36.15
22
45
35.15
52.77
102.84
128.99
137.89
137.68
140.88
129.49
146.89
166.73
171.54
180.94
154.37
172.43
177.29
152.52
138.6
166.91
185.22
157.59
159.37
174.39
181.34
166.88
164.78
176.69
187.51
175.96
165.87
175.75
177.4
180
180
180
180
180
180
180
180
180
180
180
180
180
180
180
180
180
180
180
180
180
180
180
180
180
180
180
180
180
180
180
180
180