172.16
170.04
162.29
170.95
170.4
162.14
161.49
179.89
211.9
169.14
173.55
161.71
160.7
160.4
155.65
154.72
152.93
166.34
164
159.55
147.53
157.98
163.06
151.82
151.46
143.15
148.56
155.06
155.54
153.25
150.71
152.16
143.2
148.77
155.31
158.39
158.04
148.7
168.32
163.49
130.82
153.28
169.54
172.43
121.64
158.05
163.26
167.27
154.51
162.79
163.83
168.06
163.08
172.29
158.1
166.82
166.57
180
180
180
180
180
180
180
180
180
180
180
180
180
180
180
180
180
180
180
180
180
180
180
180
180
180
180
180
180
180
180
180
180
180
180
180
180
180
180
180
180
180
180