170.59
168.03
173.95
181.81
170.7
172.28
173.87
172.2
176.2
172.92
171.07
172.77
171.63
176.62
173.38
173.09
173.33
173.02
173.53
173.39
172.43
174.01
176.61
173.37
171.38
172.65
174.57
176.92
171.04
175.02
171.12
167.13
169.32
170.31
168.47
166.64
174.97
161.85
163.33
161.52
172.74
182.6
171.94
170.74
174.61
167.75
161.95
166.76
182.27
192.6
180.37
163.07
154.77
157.08
146.54
141.94
141.92
150.34
136.05
134.32
131.34
142.76
133.66
130.95
129.62
128.86
134.97
137.23
136.04
135.05
136.23
135.11
134.42
134.08
138.12
132.05
133.37
134.79
173.11
138.44
141.61
156.83
176.31
162.51
176.09
179.19
164.35
168.49
162.77
160.5
179.35
173.01
156.21
174.86
182.91
178.79
178.05
174.01
175.97
178.61