176.06
176.75
184.96
175.42
174.1
180.08
167.54
177.15
182.16
151.97
147.71
147.38
165.52
145.76
141.5
137.95
129.73
128.73
130.14
131.05
131.94
128.58
131.61
131.82
129.71
132.69
134.85
137.36
137.37
136.32
135.83
137.01
133.52
130.41
136.43
138
145.27
148.02
209.8
159.79
157.71
170.33
198.91
198.73
170
173.44
189.11
177.96
181.49
168.05
177.57
182.68
179.87
175.49
178.68
180
180
180
180
180
180
180
180
180
180
180
180
180
180
180
180
180
180
180
180
180
180
180
180
180
180
180
180
180
180
180
180
180
180
180
180
180
180
180
180
180
180
180
180
180