161.83
157.11
152.08
148.88
151.19
144
137.88
132.17
134.47
135.24
128.25
127.39
126.06
125.88
132.36
133.18
140.1
139.25
133.2
135.65
145.28
137.44
135.69
139.06
142.37
141.25
139.54
140.77
140.1
138.36
140.73
138.14
136.17
139.49
139.48
138.27
136.2
125.49
141.17
142.87
142.97
140.78
150.61
156.32
154.07
156.01
150.95
150.92
159.35
159.28
157.89
160.58
163.17
165.14
163.07
180
180
180
180
180
180
180
180
180
180
180
180
180
180
180
180
180
180
180
180
180
180
180
180
180
180
180
180
180
180
180
180
180
180
180
180
180
180
180
180
180
180
180
180
180