209.02
213.77
218.05
221.79
221.51
215.78
218.86
220.86
246.5
225.53
229.9
229.02
235.49
235.59
243.34
237.77
243.5
244.32
242.05
244.76
245.3
245.14
245.25
245.12
245.29
244.99
245.26
245.41
245.48
245.49
245.19
245.35
245.55
245.76
243.61
243.75
243.5
243.67
242
242.4
232.91
234.47
237.22
235.39
227.23
219.84
218.41
220.65
215.11
216.09
209.72
208.6
204.14
197.01
187.85
199.43
200.45
199.4
198.56
194.74
198.36
180
180
180
180
180
180
180
180
180
180
180
180
180
180
180
180
180
180
180
180
180
180
180
180
180
180
180
180
180
180
180
180
180
180
180
180
180
180
180