161.08
169.15
163.5
155.1
155.79
163.4
142
153.49
150.18
149.26
90.41
138.76
146.95
131.66
78.27
139.71
140.53
124.63
107.17
110.18
120.58
108.51
100.59
109.93
106.22
102.74
94.05
93.75
91.97
101.03
96.08
95.41
94.47
95.84
96.09
96.96
98.11
103.64
115.32
115.95
125.8
108.56
90.38
103.49
120.22
114.62
135.04
299.36
138.83
146.28
154.71
149.99
155.14
152.31
148.61
166.92
161.64
161.91
156.12
175.67
174.58
164.8
171.12
169.78
169.01
164.5
170.21
171.94
180
180
180
180
180
180
180
180
180
180
180
180
180
180
180
180
180
180
180
180
180
180
180
180
180
180
180
180
180
180
180
180