169.34
169.11
169.72
166.77
171.64
167.36
169.8
162.61
174.15
163.99
166.17
167.77
167.58
167.18
170.15
167.98
166.34
165.73
170.31
174.64
170.55
176.87
169.02
176.68
170.32
172.3
170.35
172.54
171.58
169.92
171.03
171.64
172.19
170.43
170.74
171.9
172.91
173.49
166.8
166.79
169.01
172.11
173.51
166
169.66
163.51
162.07
163.8
166.34
159.58
165.32
165.7
163.78
162.71
169.21
169.42
168.24
169.65
171.07
171.68
171.47
171.45
171
170.2
180
180
180
180
180
180
180
180
180
180
180
180
180
180
180
180
180
180
180
180
180
180
180
180
180
180
180
180
180
180
180
180
180
180
180
180