221.69
225.09
215.7
209.51
210.55
221.93
212.95
222.15
213.09
226.56
222.96
232.2
225.84
218.06
244.16
237.44
250.89
258.13
251.56
250.79
250.26
258.94
259.12
253.15
254.95
257.43
257.46
258.1
256.69
257
252.37
259.04
255.84
252.33
254.47
248.43
247.3
243.92
241.6
235.92
223.15
227.46
230.72
212
207.89
214.32
200.48
206.92
198.77
194.81
200.49
189.4
180
180
180
180
180
180
180
180
180
180
180
180
180
180
180
180
180
180
180
180
180
180
180
180
180
180
180
180
180
180
180
180
180
180
180
180
180
180
180
180
180
180
180
180
180
180
180
180