191.22
193.65
194.87
193.68
192.28
192.27
191.42
191
191.07
199.65
215.47
212.87
232.55
248.01
232.93
240.24
227.16
235.24
251.9
227
251.05
247.65
256.84
256.73
245.97
250.6
253.95
258.28
252.76
255.58
257.33
258.9
257.35
255.57
258.08
256.88
255.42
254.18
249.81
252.83
248
247.6
235.25
231.66
227.1
231.71
222.91
230.97
221.38
208.12
203.31
200.63
195.37
195.4
193.61
192.83
194.45
190.46
191.83
191.03
189.75
189.33
191.08
191.22
191.06
191.39
180
180
180
180
180
180
180
180
180
180
180
180
180
180
180
180
180
180
180
180
180
180
180
180
180
180
180
180
180
180
180
180
180
180