193.27
190.1
194.18
190.01
190.96
190.53
189.32
186.5
186.66
188.72
184.47
183.81
179.44
179.66
192.08
189.98
184.9
179.6
187.61
176.06
178.04
176.26
182.65
180.64
181.14
176.14
180.46
182.29
185.01
181.22
183.15
183.66
181.6
183
177.86
178.18
185.99
194.07
187.78
174.98
183.79
171.85
175.98
182.1
179.4
192
197.17
195.61
197.3
190.21
189.23
187.92
189.08
191.26
192.45
180
180
180
180
180
180
180
180
180
180
180
180
180
180
180
180
180
180
180
180
180
180
180
180
180
180
180
180
180
180
180
180
180
180
180
180
180
180
180
180
180
180
180
180
180