182.44
182.98
183.05
180.93
181.68
178.67
191.29
177.1
183.5
186.87
192.34
189.36
190
186.74
183.98
187.21
189.91
183.91
179.31
181.56
182.66
189.24
190.85
182.32
185.77
188.77
189.58
188.77
184.65
183.16
186.5
188.18
190.8
186.64
190.67
186.78
192.56
184.29
189.41
191.49
189.86
189.49
190.68
189.11
185.74
189.28
186.84
189.31
188.38
187.79
187.81
188.57
188.48
180
180
180
180
180
180
180
180
180
180
180
180
180
180
180
180
180
180
180
180
180
180
180
180
180
180
180
180
180
180
180
180
180
180
180
180
180
180
180
180
180
180
180
180
180
180
180