167.66
168.83
167.64
166.45
167
168.13
166.83
164.17
168.18
171.74
167.09
162.08
166.82
167.73
165.92
168.45
161.05
159.73
161.4
161.75
160.88
159.15
164.82
163.84
159.64
160.81
162.21
163.02
161.67
163.71
161.58
161.89
162
161.19
161.95
159.59
157.25
162.43
156.83
172.39
167.97
166.1
167.27
165.63
164.42
163.32
162.69
169.78
165.78
165.68
166.83
166.76
164.91
165.25
165.99
167.21
166.49
180
180
180
180
180
180
180
180
180
180
180
180
180
180
180
180
180
180
180
180
180
180
180
180
180
180
180
180
180
180
180
180
180
180
180
180
180
180
180
180
180
180
180