164.82
166.79
164.77
165.42
172.05
172.02
161.27
166.58
169.05
156.14
159.02
151.11
164.29
157.99
150.12
150.18
164.32
158.13
154.42
155.47
158.57
157.74
153.71
154.66
154.86
155.72
157.59
157.46
158.54
161.47
161.59
154.13
146.77
149.91
157.65
157.63
156.05
167.47
163.7
160.1
159.55
154.75
164.44
165.74
163.68
162.46
165.55
163.99
164.07
163.97
162.04
162.84
164.2
164.7
165.99
163.02
159.67
162.25
166.54
160.85
157.27
162.52
163.32
163.6
159.44
160.58
162.02
162.66
161.21
162.34
164.23
163.73
164.5
166.59
159.61
157.37
158.55
164.96
167.49
161.54
158.59
157.99
160.49
159.75
180
180
180
180
180
180
180
180
180
180
180
180
180
180
180
180