185.47
184.92
184.82
185.2
185.89
183.19
184.94
186.83
192
193.76
193.24
193.66
196.39
195.48
201.05
195.55
208.79
208.8
198.8
207.28
199.43
190.72
205.93
193.93
201.26
198.55
199.41
196.4
190.7
189
191.13
189.29
190.71
191.27
192.35
192.01
192.32
192.84
196.79
202.43
205.79
203.79
204.45
208.02
204.21
213.02
200.87
196.99
199.67
199.93
195.71
193.39
196.48
198
193.9
193.32
191.34
189.84
190.15
189.25
189.49
180
180
180
180
180
180
180
180
180
180
180
180
180
180
180
180
180
180
180
180
180
180
180
180
180
180
180
180
180
180
180
180
180
180
180
180
180
180
180