216.74
215.53
214.55
215.61
215.71
215.48
216.52
216.32
215.43
215.41
215.38
215.63
215.45
216.48
216.21
215.45
216.47
216.85
214.97
217.01
217.68
217.33
216.79
217.1
217.75
218.96
218.06
219.3
219.26
217.59
217.83
217.61
217.92
217.81
218.99
220.25
219.73
220.02
219.64
219.4
217.07
221.38
214.03
219.3
218.75
220.75
220
215.53
222.7
221.86
217.38
217.78
221.3
220.37
217.86
219.15
218.34
219.51
216.79
217.98
216.41
217.15
216.7
218.65
218.49
219.23
218.84
218.62
220.25
219.19
219.65
217.7
221.71
216.34
219.22
220.67
219.03
219.19
218.35
220.99
221.05
220.31
219.98
220.9
220.33
220.88
222.65
222.74
221.65
218.09
214.45
208.81
209.43
214.19
180
180
180
180
180
180