205.41
207.02
209.3
210.71
210.69
209.56
210.98
211.78
212.68
208.49
209.74
206.49
209.29
210.05
215.96
218.3
210.71
215.06
212.74
213.92
213.44
213.31
206.82
212
212.28
221.43
214.58
208.14
213.69
207.65
215.26
211.06
219.05
217.94
215.95
209.04
210.61
215.04
214.82
207.72
214.02
206.43
199.12
209.94
217.88
205.2
215.58
207.45
214.36
210.99
210.72
210.57
212.95
212.92
207.46
222.67
213.12
221.14
209.48
209.21
219.32
211.08
206.06
205
209.46
203.07
207.58
218.25
208.62
215.65
208.37
206.01
212.96
207.51
205.17
208.43
180
180
180
180
180
180
180
180
180
180
180
180
180
180
180
180
180
180
180
180
180
180
180
180