210.9
208.43
207.87
208.87
209
210.91
217
211.19
211.08
212.84
214.11
217.51
214.74
212.63
213.89
210.54
207.2
210.33
211.79
211.38
212
211.31
213.33
212.1
209.72
217.3
212.56
210.56
210.85
210.39
215.35
214.42
215.09
211.16
215.99
216.46
222.61
213.23
221.44
218.24
217.25
215.91
213.88
213.08
217.87
218.44
212.99
205.06
211.25
204.64
216.1
205.48
217.15
217.05
215.95
212.81
210.97
215.44
212.72
210.11
213.04
210.1
202.49
215.07
212
210.39
206.53
222.6
209.57
216.39
216.66
211.41
215.17
210.11
207.73
207.25
180
180
180
180
180
180
180
180
180
180
180
180
180
180
180
180
180
180
180
180
180
180
180
180