274.65
272.17
273.58
275.93
276.7
275.83
274.75
279
277.33
274.63
275.55
275.96
275.81
275.11
276.83
281.23
271.82
273.81
276.9
278.31
276.05
270.14
278.45
272.17
268.84
267.87
281.19
275.31
272.5
276.08
267.04
265.29
285.14
271.15
281.02
275.17
278.35
282.66
278.21
280.68
281.44
275.93
279.26
276.41
288.67
288.76
285.72
282.75
274.24
278.98
277.93
278.11
280.88
272.39
281.33
272.61
262.33
282.5
269.34
292.62
265.88
281.36
293.83
282.03
286.95
277.68
301.93
290.61
285.4
291.74
289.24
288.53
284.61
287.74
287.29
180
180
180
180
180
180
180
180
180
180
180
180
180
180
180
180
180
180
180
180
180
180
180
180
180