275.11
274.2
273.09
271.11
271.39
272.24
268.92
272.94
271.54
275.23
268.49
266.84
274.04
281.95
269.18
273.52
283.09
264.15
262.63
269.99
282.64
270.49
265.84
269.94
287.68
294.68
264.44
277.25
273.14
267.73
272.12
276.33
273.91
276.11
277.42
277.72
273.35
269.71
276.34
270.6
274.78
267.62
281.9
272.39
274.92
282.42
276.82
245.51
259.17
286.54
266.31
273.21
278.05
291.39
258.66
298.43
280.1
303
283.53
285.31
287.28
285.94
287.67
284.61
284.56
278.75
180
180
180
180
180
180
180
180
180
180
180
180
180
180
180
180
180
180
180
180
180
180
180
180
180
180
180
180
180
180
180
180
180
180