237.85
236.58
237.23
236.72
234
236.5
240.45
237.45
238.09
237.99
235.72
235.56
234.88
236.01
236.98
235.01
236.48
237.09
237.54
238.73
235.4
235.01
236.37
234.21
236.1
237.14
231.68
233.05
230.9
234.14
230.98
232.12
232.02
233.28
231.87
230.75
233.12
233.49
236.4
232.49
237
239.1
238.41
233.29
234.85
239.56
236.54
237.01
236.09
237.5
238.43
238.24
235.73
237.03
235.43
234.95
229.75
235.71
236.22
229.15
232.72
232.59
234.9
233.08
236.67
233.41
180
180
180
180
180
180
180
180
180
180
180
180
180
180
180
180
180
180
180
180
180
180
180
180
180
180
180
180
180
180
180
180
180
180