196.66
196.53
196.57
196.75
196.99
197.35
197.29
197.27
196.88
196.72
197.34
197.56
197.41
197.58
197.77
197.39
197.73
197.68
197.5
196.33
196.21
197.74
200.35
197.76
198.2
197.76
197.77
197.12
197.04
196.5
196.72
197.15
197.37
196.81
197.61
199.31
192.21
196.89
196.78
196.88
197.4
197.34
197.22
197.23
197.49
197.05
197.3
197.15
197.05
197.55
197.15
195.73
196.36
196.35
197.17
196.79
197.58
195.1
196.2
198.23
196.49
197.03
197.74
197.52
197.54
197.82
196.53
196.97
197.33
199.08
197.87
192.14
195.66
180
180
180
180
180
180
180
180
180
180
180
180
180
180
180
180
180
180
180
180
180
180
180
180
180
180
180