229.94
230.07
229.31
228.92
229.51
229.3
229.31
229.92
229.58
228.97
228.97
228.93
230.03
230.21
229.32
229.18
229.74
229.5
229.32
229.18
229.04
229.28
228.82
229.83
229.82
228.53
226.98
228.14
227.36
225.41
225.06
224.12
225.08
225.25
225.82
226.78
227.58
233.21
227.59
228.26
228.55
226.39
229.83
230.27
229.4
229.83
229.45
229.55
229.91
229.74
232.54
230.55
229.96
229.65
227.95
229.01
229.63
228.71
227.3
228.23
228.74
228.59
227.83
234.5
222.53
223.63
229.59
231.44
234.34
=ADI70
180
180
180
180
180
180
180
180
180
180
180
180
180
180
180
180
180
180
180
180
180
180
180
180
180
180
180
180
180
180