197.69
197.5
197.46
197.88
197.7
197.55
198.31
197.87
198.12
197.91
197.83
197.85
197.91
198.31
197.32
198
197.85
197.54
198.08
197.82
199.34
199.47
200.48
197.53
198.69
197.8
198.31
198.05
197.94
198.38
197.85
197.61
197.41
197.08
197.37
196.95
199.07
195.68
196.81
197.07
197.5
196.6
198.01
197.48
197.35
197.06
197.4
196.87
197.12
198.03
197.8
195.85
197.21
196.92
197.11
197.68
197.41
198.19
197.33
198.77
197.85
196.54
197.63
190.28
197.38
180
180
180
180
180
180
180
180
180
180
180
180
180
180
180
180
180
180
180
180
180
180
180
180
180
180
180
180
180
180
180
180
180
180
180