238.35
239.32
238.19
238.28
239.39
237.15
237.45
237.42
239.58
240.07
238.63
236.74
233.34
237.53
236.94
237.82
236.74
236.65
235.64
237.11
236.82
233.48
238.25
235.52
230.09
237.47
232.26
231.79
231.65
234.97
233.44
235.65
230.47
239.96
239.13
237.89
247.89
238.08
236.3
235.23
239.32
239.98
236.01
237.06
237.19
236.8
236.22
237.73
234.7
234.24
235.55
234.63
237.94
237.86
237.56
237.18
236.45
236.61
235.48
234.24
235.15
238.08
239.99
230.69
235.14
236.83
237.94
235.06
235.7
235.49
236.22
236.43
180
180
180
180
180
180
180
180
180
180
180
180
180
180
180
180
180
180
180
180
180
180
180
180
180
180
180
180