270.45
270.98
270.25
271.79
271.03
269.41
267.82
269.1
270.72
268.05
267.88
266.39
272.77
270.92
266.93
265.01
271.29
269.79
268.04
268.61
264.48
267.43
267.3
271.18
263.57
253.77
273.78
264.56
254.73
287.8
248
257.24
285.48
281.25
253.59
254.22
266.61
271.03
259.82
263.81
269.87
265.29
267.86
273.59
282.65
264.74
270.05
268.47
283.02
281.4
257.15
270.34
268.62
271.04
270.84
261.97
287.43
262.54
253.68
229.24
266.15
263.66
248.22
278.59
287.34
249.88
270.81
269.04
272.73
264.42
277.06
277.83
276.82
260.65
274.49
180
180
180
180
180
180
180
180
180
180
180
180
180
180
180
180
180
180
180
180
180
180
180
180
180