263.25
262.5
263
263.2
264.19
263.73
262.76
262.73
261.96
264.86
263.24
263.21
265.89
266.31
263.62
265.7
262.82
269.93
272.96
264.68
267.56
262.01
263.54
272.94
252.27
259.46
267.97
271.42
285.75
270.35
254.53
261.67
261.11
259.09
251.67
260.88
263.29
275.55
264.18
277.43
277.97
261.01
263.88
264.24
269.03
268.12
266.67
270.16
281.46
256.7
274.72
278.18
284.88
243.36
269.58
281.22
286.09
271.95
268.02
268.62
256.87
256.81
259.89
265.39
272.04
271.49
271.07
=ABI68
180
180
180
180
180
180
180
180
180
180
180
180
180
180
180
180
180
180
180
180
180
180
180
180
180
180
180
180
180
180
180
180