206.16
211.61
211.75
213.24
212.52
210.59
211.02
212.42
212.48
211.8
213.1
213.82
216.14
215.24
210.35
215.31
211.25
214.08
215.98
208.78
211.11
218.48
219.11
224.45
216.15
215.67
218.85
221.4
218.14
206.81
218.47
221.22
211.72
211.08
213.33
227.64
214.99
212.37
212.19
207
214.52
216.01
214.87
215
215.52
214.84
211.16
209.77
215.34
215.55
213.26
214.51
202.38
234.01
215.62
219.4
209.24
209.21
214.95
186.09
205.04
225.29
207.87
195.15
190.83
199.6
220.74
215.97
215.44
180
180
180
180
180
180
180
180
180
180
180
180
180
180
180
180
180
180
180
180
180
180
180
180
180
180
180
180
180
180
180