269.15
267.18
266.95
267.41
264.54
265.94
265.68
268.54
265.98
265.8
265.74
266.02
265.37
266.38
266.65
265.38
266.13
266.3
265.91
267.18
266.45
265.99
265.06
263.72
267.08
265.29
265.78
266.82
263.18
271.04
267.6
259.6
267.44
266.96
250.66
277.23
271.93
266.01
262.49
262.86
256.25
258.73
262.73
266.14
262.39
257.83
269.96
258.69
259.96
268.2
264.16
264.28
265.48
270.36
272.35
297.63
271.08
250.7
272.64
251.87
282.94
253.94
280.9
266.95
267.95
267.47
268.07
263.03
262.74
265.15
272.45
270.71
269
180
180
180
180
180
180
180
180
180
180
180
180
180
180
180
180
180
180
180
180
180
180
180
180
180
180
180