265.1
265.86
264.66
264.47
265.65
265.31
264.87
264.29
262.99
264.99
264.94
265.34
264.9
263.71
266.02
266.36
264.74
264.17
265.25
264.48
272.54
269.23
260.93
274.52
266.47
264.51
261.79
272.5
261.32
260.51
267.67
279.2
261.96
244.47
253.1
249.7
256.61
272.15
263.47
262.61
267.15
275.31
255.94
250.12
252.29
258.04
279.54
266.01
268.54
266.37
267.5
282.34
264.69
262.02
246.74
264.3
277.58
292.31
290.26
231.95
253.7
267.72
273.1
270.33
269.22
254.45
261.58
266.36
283.3
268.86
266.46
277.46
275.31
268.07
269.88
180
180
180
180
180
180
180
180
180
180
180
180
180
180
180
180
180
180
180
180
180
180
180
180
180