264.82
264.02
267.96
264.3
263.05
265.38
263.22
261.26
260.08
263.58
267.05
265.52
264
262.31
263.89
266.4
266.16
266.97
262.15
262.78
263.09
264.12
266.46
266.17
265.02
264.08
265.96
265.95
263.83
262.09
264.73
264.12
265.13
264.2
262.16
261.19
264.43
265.39
265.61
263.52
262.51
263.99
265.59
265.8
264.56
263.68
269.54
258.59
268.41
262.37
243.02
283.85
269.11
258.53
262.8
266.81
269.58
255.87
260.92
267.12
240.14
274.94
268.15
270.67
270.02
269.79
243.7
265.15
265.4
265.92
281.35
275.33
265.46
268.01
259.99
265.34
233.55
260.59
242.44
268.62
268.93
279.34
260.49
266.16
267.32
265.81
256.3
259.62
259.73
270.38
268.72
278.56
272.45
266.35
180
180
180
180
180
180