210.15
210.41
211.63
210
212.28
212.56
212.2
211.2
213.15
213
212.29
212.26
212.55
212.63
212.99
212.41
213.54
213.36
214.4
215.47
212.24
213.2
213.54
213.91
215.64
209.93
213.78
209.79
212.73
208.34
207.27
212.73
213.77
209.16
213.71
215.61
218.67
214.2
216.23
212.35
211.25
209.44
214.85
213.6
215.16
213.1
218.01
214.27
214.35
213.65
213.76
214.32
210.9
208.83
209.79
215.5
210.37
216.46
216.53
218.09
213.45
213.51
212.98
213
213.82
214.93
214.24
213.08
180
180
180
180
180
180
180
180
180
180
180
180
180
180
180
180
180
180
180
180
180
180
180
180
180
180
180
180
180
180
180
180