272.51
271.05
268.86
268.08
266.71
268.19
268.87
266.59
269.23
269.28
268.68
269.21
270.96
266.65
266.3
265.8
267.96
268.89
270.44
267.7
266.62
265.22
267.27
258.87
255.13
278.89
272.55
261.41
282.06
276.16
252.1
249.28
263.26
267.47
267.14
266.15
261.55
251.71
269.74
278.49
269.24
267.66
275.59
260.71
269.51
268.35
273.94
270.91
269.39
269.52
268.59
274.39
266.5
268.97
273.03
278
273.86
275.14
279.4
276.83
274.67
290.72
307.92
265.49
287.92
295.73
299.56
280.18
280.46
275
275.91
256.87
275.11
180
180
180
180
180
180
180
180
180
180
180
180
180
180
180
180
180
180
180
180
180
180
180
180
180
180
180