205.26
205.38
204.31
203.46
203.54
204.13
204.44
204.99
204.14
202.55
203.06
203.82
204.42
205.02
203.88
200.41
199.76
201.71
203.43
203.43
201.87
203.48
202.45
200.98
202.25
201.92
200.71
198.68
201.71
195.96
198.54
198.48
203.08
202.66
200.38
199.64
201.29
203.74
206.05
203.09
204.22
199.52
200.81
203.42
201.9
201.67
200.73
202.18
202.55
200.96
197.4
203.19
205.56
203.18
201.52
201.47
205.73
204.72
201.95
203.95
205.28
206.61
203.56
199.56
199.69
205.03
210.93
213.74
212.93
=ADK70
180
180
180
180
180
180
180
180
180
180
180
180
180
180
180
180
180
180
180
180
180
180
180
180
180
180
180
180
180
180