203.83
203.77
203.24
202.75
202.83
201.36
201.68
202.4
201.64
202.14
201.45
201.27
201.99
202.54
202.81
202.4
201.81
202.39
202.63
202.41
201.11
198.91
197.57
200.47
200.96
201.35
200.66
202.94
199.55
200.36
198.56
198.56
205.51
200.61
198.33
198.96
197.12
198.32
199.57
195.76
201.53
198.58
201.48
200.92
202.01
202.09
200.47
202.37
200.14
205.43
208.57
203.94
202.79
201.14
201.52
200.85
201.22
201.19
200.82
200.88
197.87
202.78
202.29
204.75
200.98
199.15
206.12
204.08
201.98
206.19
199.31
201.42
203.01
203.22
203.59
204.06
205.45
198.07
199.8
203.72
207.61
210.32
180
180
180
180
180
180
180
180
180
180
180
180
180
180
180
180
180
180