214.87
215.15
214.22
214.4
213.84
213.88
214.51
213.97
214.08
215.23
214.91
214.78
207.06
208.39
213.11
214.69
213.89
210.87
208.22
209.89
207.76
208.21
214.48
209.67
211.78
208.14
209.65
207.46
210.43
216.22
213.93
214.52
208.02
205.7
212.95
217.01
213.38
214.16
215.21
211.14
214.01
216.32
211.81
212.32
212.4
215.54
210.25
210.49
210.73
208.04
208.68
208.54
218.48
209.93
208.59
218.93
217.04
213.55
214.39
216.9
215.92
218.12
217.1
215.9
217.03
218.55
217.47
218.54
220.08
220.16
180
180
180
180
180
180
180
180
180
180
180
180
180
180
180
180
180
180
180
180
180
180
180
180
180
180
180
180
180
180