188.99
190.28
191.43
190.84
191.12
190.27
190.99
190.64
191.3
190.92
192.14
191.63
190.73
190.79
192.14
190.41
190.44
191.54
191.06
190.67
191.88
190.63
190.59
190.73
190.67
191.07
191.31
190.35
191.19
191.43
192.57
190.59
191.62
191.43
190.89
190.86
190.76
190.47
189.6
189.38
191.57
190.1
191.3
191.09
191.39
190.27
187.98
192.27
193.88
193.13
190.68
191.26
191.95
192.53
192.04
193.15
193.7
193.49
190.69
192.16
190.52
189.47
190.97
190.71
191.16
191.47
191.03
190.28
190.16
194.25
190.83
197.13
192.48
190.33
195.01
190.8
194.24
195.15
193.71
195.04
195.06
194.22
195.13
192.64
191.84
191.38
192.38
180
180
180
180
180
180
180
180
180
180
180
180
180