202.49
202.89
203.06
203.3
203.37
203.27
204.06
204.05
202.57
203.79
202.54
203.42
203.74
202.37
202.54
200.32
201.61
203.89
204.69
211.47
201.56
202.54
196.44
200.47
201.73
204.07
200.2
198.87
202.11
202.49
203.89
202.18
202.6
204.34
202.28
202
201.9
202.86
202.62
201.27
201.92
204.7
203.27
206.53
197.3
203.42
203.83
204.1
201.84
204
205.09
204.66
206.07
203.95
204.57
202.18
199.39
206.46
212.6
211.68
212.12
211.77
209.29
205.02
180
180
180
180
180
180
180
180
180
180
180
180
180
180
180
180
180
180
180
180
180
180
180
180
180
180
180
180
180
180
180
180
180
180
180
180