190.24
191.19
190.12
190.22
190.95
190.22
190
190.97
190.75
190.15
189.97
190
190.26
190.41
190.7
191.02
189.53
191.08
191.52
191.04
190.47
189.48
188.99
189.91
188.62
192.03
192.44
188.57
191.91
191.61
189.86
190.69
190.89
190.5
191.71
191.5
190.58
192.59
189.24
189.54
190.36
191.15
188.82
189.62
190.73
191.05
190.46
190.15
190.67
192.33
194.84
193.5
191.52
190.06
193.78
194.35
193.31
188.65
193.46
194.13
194.12
195.87
198.43
194.9
185.03
185.76
187.11
187.18
187.64
=ADL70
180
180
180
180
180
180
180
180
180
180
180
180
180
180
180
180
180
180
180
180
180
180
180
180
180
180
180
180
180
180