228.33
225.71
227.05
228.04
233.47
223.03
227.56
227.46
226.27
231.92
224.98
227.97
227.52
224.63
228.46
225.96
223.18
224.87
225.91
224.43
225.55
226.99
227.82
224.94
224.79
224.99
225.4
225.8
227.61
227.98
223.69
232.19
231.72
229.65
225.97
222.03
228.24
235.05
230.98
229.42
231.83
230.8
229.53
232.24
230.92
218.66
221.73
227.53
223.53
225.81
226.32
227.81
225.36
222.86
223.08
230.57
229.48
227.24
227.67
231.4
228.76
227.99
229.07
228.09
230.55
229.4
230.47
226.77
228.39
223.99
209.53
180
180
180
180
180
180
180
180
180
180
180
180
180
180
180
180
180
180
180
180
180
180
180
180
180
180
180
180
180