214.18
215.32
215.06
214.79
215.53
216.92
217.2
217.63
217.43
219.17
216.64
217.8
220.3
220.67
219.03
217.83
217.66
219.94
219.63
219.16
217.02
217.82
222.44
219.12
220.82
220.47
222.71
221.79
220.74
222.63
221.6
219.87
219.55
218.09
219.36
218.54
217.26
216.96
218.49
217.33
215.06
217.85
215.03
223.36
219.15
220.57
219.46
219.16
218.92
217.64
217.71
216.74
218.23
217.92
217.81
216.9
215.7
217.65
218.99
221.49
216.04
213.7
219.33
225.77
215.61
221.52
212.93
220.69
217.22
219.55
180
180
180
180
180
180
180
180
180
180
180
180
180
180
180
180
180
180
180
180
180
180
180
180
180
180
180
180
180
180