214.86
214.92
216.33
212.05
217.15
217.18
217.46
216.31
217.87
218.87
217.55
218.41
218.51
217.28
215.92
218.71
222.65
218.34
216.65
217.08
219.09
220.95
220.99
215.91
221.24
224.34
218.48
221.09
223.28
221.13
224.66
225.64
223.31
223.66
223.55
220.35
219.46
219.9
214.94
216.8
218.91
215.71
216.12
215.75
221.38
221.45
218.37
219.35
213.29
219.57
219.61
219.26
218.54
219.37
217.03
217.04
218.91
219.18
219.35
214.44
217.59
218.69
219.28
222.9
222.33
214.08
213.43
217.46
227.36
225.8
224.83
222.42
220.98
217.67
222.05
180
180
180
180
180
180
180
180
180
180
180
180
180
180
180
180
180
180
180
180
180
180
180
180
180