215.83
214.04
216.17
216.79
214.93
216.55
216.82
216.47
216.71
213.93
216.09
218.13
221.97
220.07
217.89
217.81
218.96
217.26
218.61
218.02
221.47
219.96
220.87
218.63
222.14
219.12
223.55
219.18
219.39
218.32
222.41
218.86
223.42
217.87
218.69
215.14
211.1
220.34
220.16
221.5
215.27
216.93
219.94
217.66
218.91
219.3
219.64
219.23
219.48
219.82
219
219.82
217.87
219.55
219.48
217.95
217.18
216.58
216.34
218.44
216.16
216.95
219.2
216.16
220.99
214.44
216.34
219.46
218.58
220.86
218.72
218.45
180
180
180
180
180
180
180
180
180
180
180
180
180
180
180
180
180
180
180
180
180
180
180
180
180
180
180
180