217.11
216.16
217.4
216.46
217.91
217.86
217.17
216.15
218.17
218.45
218.28
221.66
220.66
220.27
219.77
218.72
211.15
217.84
222.5
223.62
219.35
222.14
220.69
223.99
219.37
223.38
222.36
222.75
219.9
220.04
220.42
222.18
222.13
223.19
216.6
213.04
213.54
215.69
220.27
218.2
217.4
217.82
217.57
219.22
219.01
219.1
217.58
219.16
218.85
216.91
217.77
215.52
217.96
222.94
216.65
214.5
217.13
218.96
219.86
218.84
219.48
221.45
218.12
221.71
218.94
219.44
221.07
218.73
220.59
221.64
218.58
180
180
180
180
180
180
180
180
180
180
180
180
180
180
180
180
180
180
180
180
180
180
180
180
180
180
180
180
180