187.24
187.91
186.95
187.5
187.19
187.31
186.79
186.47
187.68
187.52
187.45
186.78
186.22
187.2
187.43
188.28
187.94
186.82
188.01
187.58
187.47
187.94
187.18
187.13
188.27
186.96
187.77
187.52
189.83
189.16
190.17
187.67
185.18
187
188.2
187.43
188.11
190.23
186.59
189.83
190.55
189.5
188.88
188.68
189
187.79
188.33
188.08
188.69
190.6
190.16
192.02
192.32
190.93
192.8
192.19
195.42
195
194.08
193.79
194.92
194.76
195.63
194.33
190.91
186.93
190.07
188.46
188.78
=ADB70
180
180
180
180
180
180
180
180
180
180
180
180
180
180
180
180
180
180
180
180
180
180
180
180
180
180
180
180
180
180