212.45
211.23
209.46
208.2
208.35
208.81
207.57
206.88
206.21
205.47
205.98
207.67
208.67
206.28
201.59
205.86
202.95
203.3
204.28
203.75
206.54
204.47
197.52
202.8
202.29
204.86
204.47
205.93
206.87
201.2
206.46
208.25
210.06
211.65
211.99
206.47
216.32
219.48
210.91
214.8
201.73
211.26
207.61
212.24
210.24
210.56
209.16
206.79
208.07
206.67
207.4
205.84
206.12
205.48
205.8
206.62
209.09
208.18
213.03
213.86
209.42
214.07
219.92
217.2
217.72
209.64
215.33
227.27
225.54
216.55
229.51
230.98
227.97
225.61
227.66
231.27
231.34
180
180
180
180
180
180
180
180
180
180
180
180
180
180
180
180
180
180
180
180
180
180
180