164.7
163.93
164.3
164.18
164.26
163.74
163.48
163.48
164.24
164.01
163.49
163
163.34
163.99
164.08
164.41
163.39
163.09
163.53
164.45
163.74
163.18
160.94
161.01
161.66
163.02
163.24
162.77
163.4
161.82
161.37
161.25
162.7
163.47
160.61
161.6
162.4
161.79
163.86
165.62
160.62
162.51
160.49
165.26
166.38
166.16
165.06
159.82
166.17
166.1
167.73
168.33
167.54
168.92
163.9
165.11
163.65
164.3
163.95
164.03
165.06
166.93
167.33
165.25
162.84
165.47
169.4
168.3
173.81
170.85
168.06
172.48
170.05
170.22
170.77
170.9
171.43
168.83
165.98
166.1
165.77
173.31
180
180
180
180
180
180
180
180
180
180
180
180
180
180
180
180
180
180