188.49
188.25
187.68
188.74
187.67
186.76
187.68
189.23
187.98
187.25
186.93
187.31
187.68
186.87
187.45
187.61
187.25
186.94
187.26
187.47
187.26
187.32
187.71
190.63
187.72
187.56
187.89
186.99
187
186.42
187.68
187.06
185.13
187.32
187.51
186.85
186.19
187.84
188.78
182.65
187.46
185.17
189.19
188.54
188.08
189.08
190.18
186.84
187.4
188.2
187.53
188.61
190.01
189.71
191.38
191.04
188.42
190
192.35
193.58
194.27
192.43
193.07
193.45
192.91
192.58
189.75
189.08
180
180
180
180
180
180
180
180
180
180
180
180
180
180
180
180
180
180
180
180
180
180
180
180
180
180
180
180
180
180
180
180