209.71
208.72
208.06
207.66
207.7
206.33
205.82
205.83
206.42
205.86
204.9
206.47
203.72
203.46
205.23
203.41
202.88
203.16
203.59
201.64
202.06
203.62
203.75
204.47
203.99
205.17
204.5
201.9
210.46
206.14
202.98
209.79
210.51
210.09
213.43
212.31
212.57
215.51
212.09
213.35
211.39
210.96
208.31
205.72
208.13
207.53
205.93
205.58
205.92
207.47
209.88
208.98
209.06
211.2
212.7
223.05
217.21
219.99
216.24
228.21
237.17
233.16
225.07
226.06
227.66
231.13
230.49
230.79
231.2
232.25
180
180
180
180
180
180
180
180
180
180
180
180
180
180
180
180
180
180
180
180
180
180
180
180
180
180
180
180
180
180