214.88
215.64
214.58
212.48
210.49
209.97
210.58
209.98
209.45
209.12
208.87
207.98
205.44
207.31
207.38
208.81
207.71
205.12
206.47
207.07
205.12
206.77
209.36
208.01
203.48
204.14
208.3
208.7
207.2
205.9
211.04
213.77
209.9
210.94
203.85
212.37
220.06
216.37
217.51
219.43
212.65
210.29
211.38
207.35
206.21
211.39
207.84
208.16
208.07
208.22
207.81
212.28
213.25
213.54
214.87
218.07
216.1
217.77
212.11
213.73
229.59
222.23
223.38
225.07
224.8
222.56
229.53
223.97
232.04
226.77
180
180
180
180
180
180
180
180
180
180
180
180
180
180
180
180
180
180
180
180
180
180
180
180
180
180
180
180
180
180