172.68
173.68
172.38
171.84
170.55
170.36
171.16
170.32
170.25
170.25
169.72
168.95
169.33
169.52
169.76
169.67
169.14
169.46
169.23
169.11
167.6
166.43
167.36
168.49
167.98
168.51
169.63
169.34
167.39
167.27
167.51
167.02
166.54
168.62
165.81
166.21
169.28
168.78
168.63
167.79
169.8
169.89
167.89
168.83
168.23
169.44
169.82
172.56
170.73
169.22
165.81
170.67
168.48
167.02
167.13
167.93
168.04
167.34
167.45
170.89
169.38
174.94
169.26
170.79
171.36
169.76
169.63
171.79
178.21
171.28
172.81
173.07
174.87
174.57
172.58
172.27
170.34
171.36
180
180
180
180
180
180
180
180
180
180
180
180
180
180
180
180
180
180
180
180
180
180