187.83
188.59
187.66
189.18
188.5
187.72
187.7
187.54
187.42
187.81
187.86
188.13
187.98
187.56
188.04
188.1
186.76
187.38
188.72
187.11
187.3
188
187.02
188.55
187.97
187.92
187.83
187.66
187.24
187.91
187.81
187.71
187.95
188.09
188.24
187.69
187.33
187.42
187.73
187.65
186.43
187.25
188.11
188.82
186.88
186.6
187.61
189.56
187.04
187.09
186.92
187.22
188.29
188.24
188.78
189.25
188.38
190.52
189.6
187.96
188.27
186.66
188.77
188.94
188.34
188.5
188.4
187.52
189.61
188.45
190.08
190.63
191.66
192.17
188.39
192.78
192.52
191.84
192.52
193.69
195.12
194.74
193.23
192.65
190.34
190.35
190.28
180
180
180
180
180
180
180
180
180
180
180
180
180