172.97
173.02
171.91
171.13
169.78
169.08
168.89
169.29
170.24
170.23
169.6
169.15
169.41
169.64
169.37
169.48
169.14
168.51
167.88
168.32
168.24
168.62
168.51
166.21
165.89
167.39
168.41
168.57
167.09
167.92
166.61
165.21
170.34
165.84
165.1
164
165.95
172.68
167.14
167.74
168.52
168.01
168.13
166.5
165.63
173.06
170.49
167.71
167.46
164.35
167.33
167.65
166.97
168.04
167.67
167.23
168.53
168.3
173.92
173.47
173.82
169.26
167.88
173.82
173.19
170.7
172.65
173.22
173.07
170.51
169.58
170.92
173.53
180
180
180
180
180
180
180
180
180
180
180
180
180
180
180
180
180
180
180
180
180
180
180
180
180
180
180