135.86
136.28
136.3
136.18
136.31
135.64
137.31
136.14
135.98
136.45
136.23
136.15
136.18
135.7
135.95
135.74
134.52
131.42
131.81
133.01
137.45
134.66
131.86
140.03
129.98
131.63
146.14
137.12
125.81
136.29
137.93
136.65
136.59
130.07
129.63
132.22
132.9
131.28
124.12
129.42
127.01
141.87
137.99
137.6
135.59
138.27
139.61
135.2
135.55
137.9
140.34
134.55
134.86
137.74
138.68
137.65
136.55
132.32
135.48
136.84
131.49
142.73
138.19
132.45
132
135.76
138.27
125.07
141.29
136.72
134.11
138.87
137.3
136.9
131.76
135.98
134.28
180
180
180
180
180
180
180
180
180
180
180
180
180
180
180
180
180
180
180
180
180
180
180