211.69
212.14
211.93
213.04
211.49
210.02
209.76
208.7
208.92
210.19
211.31
213.23
212.29
209.8
207.77
207.43
208.92
209.22
210.28
209.52
208.94
208.24
206.71
206.15
210.22
209.4
207.85
208.95
207.07
207.83
204.4
204.96
206.38
204.39
208.15
208.06
201.96
207.16
209.47
209.44
212.63
219.61
210.22
213.47
208.11
214.05
209.89
212.22
212.7
208.11
210.32
208.07
209.66
208.51
211.31
214.33
211.24
214.94
222.71
215.49
220.86
225.62
221.55
227.84
222.22
227.24
229.77
226.37
227.82
223.53
229.63
229.2
228.96
226.78
225.37
221.12
221.48
180
180
180
180
180
180
180
180
180
180
180
180
180
180
180
180
180
180
180
180
180
180
180