162.07
164.93
163.74
163.01
164.79
163.7
163.71
164.04
160.52
158.76
161.92
163.07
160.65
160.11
163.61
153.76
159.6
163.18
153.05
161.45
149.42
40.02
150.13
161.64
166.08
178.32
170.18
159.95
177.08
160.14
164.45
166.4
341.2
81.55
165.66
335.75
95.3
13.1
145.34
170.3
200.15
43.01
357.62
106.92
11.51
10.6
272.62
157.51
144.16
154.61
146.69
116.1
344.76
147.31
175.38
154.97
140
163.81
171.7
164.12
148.54
137.62
161.52
164.7
154.46
158.41
160.05
151.44
156.94
177.04
166.16
156.63
168.74
169.79
151.39
156.1
166.69
161.51
161.08
164.4
165.38
161.21
161.52
162.41
163.21
162.84
180
180
180
180
180
180
180
180
180
180
180
180
180
180

