174.7
179.75
178.11
169.94
159.39
169.46
175.66
157.23
157.59
158.33
159.29
153.47
154.68
161.34
170.33
160
154.13
165.34
159.34
152.69
165.74
164.57
155.7
159.55
163.51
165.18
162.1
158.86
164.92
162.34
157.14
161.95
164.02
160.51
161.8
162.16
161.34
161.41
164.21
157.69
158.88
166.73
159.63
160.93
160.31
156.67
154.72
153.88
164.57
171.61
160.44
164.66
172.88
183.58
167.65
164.08
173.04
171.48
173.37
174.67
169.35
173.95
172.36
174.68
166.74
169.82
168.93
171.83
168.25
170.62
180
180
180
180
180
180
180
180
180
180
180
180
180
180
180
180
180
180
180
180
180
180
180
180
180
180
180
180
180
180





















