205.6135605955696
206.09161545231802
205.98984704127474
205.70590029213926
205.57215427733993
205.72489525959645
206.32045679022326
206.94343042558552
207.11724917816517
206.5079974691794
204.83075454930113
202.34527106157717
200.32508017885817
201.59796412514208
205.57461256909636
204.86010525382528
199.9542506242184
205.46859196913732
216.7718556931377
197.91415143747975
211.01756947188525
206.7066431939305
212.0702141013583
213.1006261149576
230.7461579002492
219.05085312698208
207.33230724032447
195.48568424187113
199.42458025499522
201.9898222542574
201.22972221673538
203.2462545211916
205.9497843245781
208.35594109308525
210.86620470484752
209.5222724226658
204.08934747684543
201.164332553269
202.97165371575502
205.3553001195203
206.63886720697914
205.69986179533655
201.91949738613047
200.69742911798613
203.161922381763
201.18105760562975
199.83258990092332
224.54603407473218
224.44790573361684
216.92659028240243
191.13043140306002
216.01863713611712
210.78397367624746
221.7514279969798
206.51448054114366
200.18121107223325
205.53507003459563
207.90053820633133
207.23959407997168
208.5062631992049
209.49783025789424
209.39099586459932
206.16607984742956
190.89712245880028
186.28081406061148
177.258804322535
175.50401972871236
176.8796558394936
179.83603467083134
182.21271948100878
181.90440519383412
180.57699347531226
179.5211924941443
178.90555626066075
179.53272315773623
180.29129602265576
180.30065887926366
180.20280915405505
179.97003413699284
179.76398281414737
179.94009000615875
180.08934556900738
180.05240627420915
180.0315143890719
179.9902693117833
179.95174713345776
179.98976893782458
180.01794401283544
180.00459953258175
180.00032843925135
180.00074875713673
179.99665978994872
179.99940797448699
180.00207948251764
179.99984024792144
179.99920818015607
180.00020945538864
180.00018304821378
179.99991840414404
179.9999776218
177.86658855720435
178.12092173112566
178.2401784273718
178.33813453928744
178.42475103549293
178.27676571412007
177.83601578841305
177.1608290856633
176.3345618023036
175.6197327529405
175.3023757626215
175.5792172506467
176.50541102055834
177.7776396230062
179.152359998406
179.76990141855305
179.02686356046746
176.4952944313323
177.99133036465653
177.84535387365023
177.51025193794757
175.06286044817048
171.8306836878573
175.4550893297664
164.21333657018454
169.89907011393313
178.11069341053766
161.90584409752756
173.10112022406722
174.0358910693192
174.24485006706385
171.747172238765
176.13470506951026
176.0949117679213
177.38417126181415
178.76484624826494
180.0947560659392
180.55005745254115
179.87691019507028
178.67003897205214
177.61807459088698
177.8058583042509
179.78823931327167
182.37642621500393
183.6571416798374
180.54652977959046
173.06293128346786
168.36288318772984
168.08893057067345
163.55070490039697
157.94082285604688
171.73078653811268
177.0703594430666
178.4644742433416
184.88480636565447
182.91788789756419
182.92118226958434
182.1057779289478
182.01968436774536
181.86406176797126
180.927695698503
180.0489289137714
179.37812695226097
179.23612306260296
179.8805432843175
180.41735461749917
180.40479302236005
180.21706014024278
179.92324119591657
179.7285468236147
179.8818861431192
180.0461040022611
180.05643130300413
180.0555071169103
180.0070747825478
179.9575527441701
179.98851559008722
180.0127301966196
180.00376851904986
180.0032418082163
179.99991994105633
179.99443465130454
179.99935446174106
180.00255765641663
180.00016106604076
179.99956877456395
180.00009860375
179.99982982974512
179.9999527173852
180.00018091757863
179.99999359478662
179.99991518696652
180.00001425595477
180.00002534824992
179.99999225203507
179.99999468982938
180.00000244578368
180.00000071474207
179.99999948524658
179.9999999790209
189.01716923619898
189.97998895018188
191.685487226764
193.1821793527116
194.3717404681359
197.11026951949745
200.79121398122538
200.6084646727285
196.62732544532875
196.8155648371371
201.43678135798325
198.83584730684967
188.57346040006567
186.15010610840514
195.87122343600433
208.5051700229186
217.4727017079826
211.03877092836092
207.82908643378838
193.46193869556456
198.51716986251105
169.4521790555625
187.56344576940964
202.93254791219914
204.97275633236958
211.82645330206552
210.65029573173643
222.93988228526166
209.58369905173882
211.02953466639255
211.55492639329728
213.14017304192916
213.94231845095973
213.8326047371797
211.55983020533822
207.9774542498932
203.04865548054468
193.8953360572555
186.7321851529663
202.51623546161795
189.35231522615575
195.9762570927494
209.54347234612254
207.73867786480486
192.92843964907212
193.63645551156856
212.51259140589877
216.207181885793
198.2156891148795
184.5517982442363
197.8033691060557
198.01032446626553
191.34902465775912
188.57555996902602
188.79972646245884
187.4193314383253
186.23927051924315
186.97677028876558
189.06305959409934
191.50011000096083
193.38416923034833
193.41306264136801
190.75132858519288
186.24396717078807
181.30685427692734
178.1332397781121
177.98380346155838
178.90286145705136
179.71767948151165
180.7377245059322
181.15911123974672
180.63138242518548
179.70410692869405
179.26633646122582
179.74453025343817
180.1759707340656
180.14429101875388
180.10941647353175
180.00719829903878
179.8900380568272
179.9660739103914
180.0360845941433
180.01966276818922
180.01467693189042
179.99771765803374
179.9795883028547
179.99582780027137
180.00743549112354
180.00164981120375
180.00019117279706
180.00035674112013
179.9986074445359
179.9997670041742
180.0008431539586
179.9999298358215
179.9996849805017
180.00008510955834
180.0000716337854
179.9999674959304
179.99999156168155
180.0943872403355
180.05786380582452
179.60593947951986
178.85591526074666
178.04877410950905
177.92129262158045
178.98166624550532
181.1240506220776
183.83091240051886
185.6528123886903
186.40102332388358
188.8181749719589
192.88320790197773
193.83063711217076
193.71114506812904
205.17213201318282
196.37544902247032
202.7116533128028
209.8149035206193
208.6377238626097
204.5171815489196
232.68353407985398
208.88861402302075
204.75826575028344
207.7729807307667
205.14731447286772
203.60132011961292
199.93235261278357
206.19216794002793
206.90888136510836
206.73582562508187
206.40932082065564
206.56108113715263
207.13060153242134
208.43023074827258
208.7469920919453
207.86711735578683
209.13630452283482
211.34437086226117
206.1176929522533
208.06447255482988
209.24462313674948
212.65612172859392
201.45011251945982
198.668713093299
201.2071910375891
191.11483585693182
186.77591877906238
186.73099705508113
195.41898000462822
184.23638154717847
185.30767576235434
186.66709409372666
187.00133148682463
185.68549950439746
184.67378822445903
183.82654796271143
183.28697160075504
183.69499971451276
184.59950924142748
185.40323959002046
185.4752597619835
184.3295180689868
182.50923385748487
180.62388673641502
179.2643707512722
178.98249559790403
179.3846464435358
180.01207263493677
180.49428081352565
180.42240282816914
180.12653539712556
179.89892927495967
179.76729607018166
179.88828565265715
180.04717673208955
180.060192658092
180.04848113402488
180.0034186626303
179.9580287973788
179.9864764323887
180.01232610267414
180.0072468299556
180.00633044331298
179.99931509886252
179.99208741905392
179.99839827649888
180.00276515622326
180.00062019631676
180.00015362331717
180.0001311623959
179.99942657372694
179.99991828316973
180.00033647503173
179.99996938603414
179.9998757744302
180.00003379116197
180.00002822712946
179.9999872312491
179.99999661632572
175.01271667595765
175.43791441094203
175.99165644872292
176.761120724653
177.62875208084031
178.05736795435536
177.7880758856386
176.93455128403173
175.67712250473588
174.5246417488959
173.91582044540587
173.78323413170892
174.17777519542292
175.21838564380667
176.58095645857637
177.58526137017543
177.74737501917392
176.98595591969882
176.0483763277211
177.30734306674475
179.17939963572513
172.41242831645295
175.08719239966715
178.50087760702274
187.06014686833842
179.74701271865945
168.349376469108
191.4183612639614
167.13925775223507
174.69153902911714
171.73083269930757
172.75002077150654
173.4448431226068
174.45397288050836
175.13475286889712
175.3216582747019
174.9126828834862
173.4740683393957
170.26448688214313
163.67353785544194
173.175516662511
172.2620591318066
167.66095677053693
168.12649449770407
175.30734963993262
180.30284103191323
183.37932220918887
193.2939101779581
202.14837726760615
179.33890418009395
185.2344850358172
189.50092460160937
171.49695212270203
176.4337595258771
184.6175728874458
187.0222211579269
179.9430118494888
177.00738487560625
180.82209878361002
182.81824080194045
182.49754806573293
182.26324595647642
181.0649963317649
180.13207219099198
180.64152491252972
180.69002405161933
179.87594765035874
179.6407521464309
179.97520346773354
180.09679214537795
180.02316165810333
180.00228390723885
179.9801468802263
179.95938897508987
180.00806791405742
180.03965211199585
180.01295440427845
179.9920852358947
179.98450917320534
179.98325877446595
180.0005333036156
180.01294597452608
180.00623931046374
179.9998265207792
179.9979209219011
179.9963097818629
179.99902667234022
180.00175127253033
180.00057160211097
179.99981456787563
180.0000556744554
179.9998061430164
179.9999231359727
180.00015855897522
179.99999694186525
179.9999332163757
180.0000163942411
180.00001593388808
179.99999299296024
179.99999810095676
162.5834432853214
161.81693269662108
161.6518576332923
161.67332326135792
161.4837355154278
160.76955105612262
159.78769254978243
160.59022079976444
163.0391325221954
162.75819725034617
161.69571030745897
172.35419788400466
171.92981041423735
174.18381601453297
171.66903585012037
181.73603870638897
181.28144374516376
186.54142472506564
186.49310198616948
187.62319265435303
186.91687007292788
173.02260348630477
184.18757639724214
182.05463691493296
180.6087621899431
179.13751892099575
182.14525214919496
175.43221107194742
179.048349067601
178.51652860605307
180.56987447992054
181.0997664613895
183.6254897459787
184.72617530694808
185.35805249925562
183.5815588356947
180.6104320184831
182.16846014294424
184.702711364793
167.99736242786125
181.00664377930153
178.77274241280026
179.9028409109264
175.18177128517323
165.0581062295991
159.008117056868
154.35142709354906
147.23090124850987
141.34463154627346
163.16412232094777
136.1201471428135
146.43001971607887
160.44042596354143
155.43668770123813
164.2759820236435
162.2629158412072
165.04915631598539
165.06447508688782
163.78666278894312
162.73128227804432
162.07348040135707
162.3836802334367
165.03397187119256
172.04449332962
177.12032462830425
182.1684335813381
183.2305003958202
182.1430119520635
180.0267393367698
178.37415118293316
178.63756965499272
179.59087097319926
180.3236465167388
180.7626548024043
180.35710499525655
179.83466678568786
179.80269762726647
179.84631702079915
179.99391467007788
180.14106451603325
180.04416624015468
179.95650971650412
179.9737122016787
179.978526772134
180.003103367068
180.02750992753698
180.00565055338748
179.99033774654484
179.9977157091488
179.99947040450962
179.99956317469974
180.00201253189073
180.00028963488506
179.99881044887456
180.00010626944305
180.00044176408343
179.9998806871124
179.99989901423731
180.00004537041153
180.0000122890436
164.70361683227125
164.09317411766295
165.5416951242447
168.50293240172098
170.76524270854605
167.77420856192018
157.6418913436663
144.9580062138018
132.08223710438253
117.94098703263649
146.72718814971054
121.17577626184523
157.56979144168994
155.7987362791296
152.39799005368712
132.10853959969887
103.60780732605481
93.86849936569462
109.44609016614754
112.89391559385821
72.74496409995147
60.12300967752921
72.70690897841476
72.02240907009019
56.37989967067508
55.3772603714259
65.20001971892471
55.199504947513034
64.10795139309855
60.903399179513414
60.48937895097921
58.14715034132145
56.03668681071665
56.21544757687458
59.64395485331924
64.74280743633538
69.96111024908971
73.77967504361119
75.10169547100632
75.82426315617562
88.43565246475247
124.49817692788214
174.3478702124387
173.7082928028494
129.94164723624846
181.0800638031927
312.22268364842347
253.55057385542867
207.52983769293917
144.97167495838374
169.52562459076523
183.40056448970205
170.87504040154712
169.783104338683
166.96015807238336
163.20948997928315
169.16437043508404
175.1592255845047
177.08623895298194
177.1874377622737
174.3508044303368
172.5800755690242
174.87834899634365
177.8237586205525
180.13285398553782
181.73129686245983
181.37763840774136
180.35404480614844
179.81647859405044
179.42388629032894
179.513733280923
179.90106918691956
180.09798042910174
180.20626991947472
180.1596860305081
180.01082503125446
179.9396921435628
179.9228896321695
179.9720604515722
180.0286673106386
180.02016042879495
180.00559816777078
179.99832380967635
179.98889025570674
179.99812012660968
180.00631764604736
180.0009186693171
179.99874106645152
179.99989032183097
179.9993127600667
179.999911488193
180.00064855247246
179.9999945867479
179.999706370405
180.00004792955136
180.00009338275035
179.99997132502347
179.99998016328337
180.00000935462518
180.00000238608754
188.95418496577062
188.50471528606045
189.16237340226337
189.24539628196942
188.00912986995948
186.2736467641433
186.54222207543052
195.8901712104905
214.23750208286725
226.77891829578846
228.49499082812707
231.16574871120807
237.4924332638562
242.35669851290194
246.894257214837
251.29698933628674
254.99348916272564
255.30734290720724
252.64107070169337
248.23364582965547
243.92510657246288
241.59896874925442
241.3242936611099
238.26584659625942
232.21378416943452
232.13191345670944
237.62312287323013
233.9249678177975
234.16395845926462
240.11613344097373
240.22626800751155
236.70294803330586
239.52078630494614
237.6385515999272
238.22171343556465
238.55503459589045
240.36477615692075
248.60203421088502
254.73248256084275
226.95912848562148
249.3735855140734
247.65831741511704
255.33102349301706
255.21850949514382
245.72686650606227
239.5321894623621
239.26409409703626
231.36500665804977
216.0266059890035
208.9298244737188
207.5827202924895
186.97566145256056
193.31414302354128
187.40261321396312
188.25639562660953
190.68168028499488
194.33452297374657
196.6026701729802
196.41971968399312
195.44218482839332
194.13417019096974
191.3987041772909
187.73342800604
184.48943081764446
182.00188283668456
179.90608427692328
178.43957464516495
178.45321148036945
179.73304777937156
180.7576314624175
180.8302163753664
180.46400459330303
179.86760086869796
179.47242834427078
179.73569792488524
180.06066295883213
180.1269011233637
180.14064838053028
180.01462045456194
179.89883475439404
179.96730774789543
180.0234817822457
180.0163625342556
180.01863992952008
179.99869953108868
179.98022785593358
179.99621054969427
180.00647113936571
180.00144990991765
180.00063234586568
180.0003052757779
179.99848183646813
179.9998234880003
180.00085739450438
179.99991414253208
179.99968861784737
180.00008578162848
180.00007035733674
179.9999680884298
179.9999915285265
187.1337520914005
186.36236333054384
186.36968299607315
186.47721638503003
186.17383625896045
185.3472170436439
183.82562655242634
182.31577924365655
181.69046482307047
182.6607407004557
185.75900586435867
190.49208626939114
195.97358407080182
200.9672983802954
204.56587192612554
207.41030134430684
208.25411258606158
202.48116213679359
198.2269216822583
225.33982786080196
270.0927214554434
240.25228141113476
143.01469133336354
159.9814692159075
262.71461939886206
79.11862552459601
239.52017012431054
265.73985261506516
27.095219476165006
63.175406175140246
257.5548524048519
368.632842554209
327.4594930474675
328.30811323643655
374.82744700310303
350.23408498808635
278.99494972074444
251.50970815049214
271.0582473926019
271.9582849640706
243.3076240107184
226.66709159219715
220.5338386308098
199.91030095610776
175.86562706611312
182.7393390617996
217.35862921708096
224.71374904983065
193.92903234422056
182.65880770873966
201.2926368801489
205.63492575551788
192.46010214605917
186.48372324099128
187.04021501797877
186.67660556137548
187.9946386389804
189.82895678678037
189.43323317450455
189.01522292110462
189.20128780313658
188.48805223027088
186.9620173789679
184.6786300696842
181.6974209747911
179.44784278056747
178.74018127342356
179.02542764213138
179.9154850675274
180.6522300989746
180.53810551275032
180.14995160789925
179.85565414746927
179.68185820206568
179.87994755263054
180.10423551303083
180.08896865433908
180.04845879803585
179.98211919720615
179.92648101278292
179.9842942644779
180.03212217145915
180.01796833916717
180.00826401813592
179.99610832506255
179.98480399522154
179.99661715754058
180.00586741012302
180.00160904056722
180.00000010935034
180.00022878799834
179.99896721159854
179.99979584760214
180.0006641671612
179.99995394591852
179.99974314748061
180.00006703181927
180.00005983849766
179.99997348974463
179.99999263566968
189.11777440094787
188.75850753529375
188.58685341050142
187.82978737714774
186.66517212766152
187.2296179197469
190.51828659993686
196.03661019286957
203.9877452600046
214.68008929622798
216.80945049714794
222.0660373600354
226.83113291882705
229.42178942098576
242.35555542144937
236.1607861730935
248.22025240914573
246.23987008159952
253.7438821188764
247.2361595386076
257.699911285407
256.1928328017979
254.8657189038028
261.0071107743897
238.20337818655412
243.06803892860103
257.0374920469789
249.53658683076844
255.41215674928236
263.57176856015957
259.62059327734625
252.24390812687216
255.89237729328985
259.8393585690265
255.40110079108766
258.14580431222214
261.01090815401324
260.02990096459405
255.20147671005577
252.17872843589842
253.50238403179029
249.55730650745593
242.52622017757534
246.2449320890436
248.57286574184553
234.71898946531277
207.54704985105786
222.72472565686815
199.9866714489516
203.31190585370203
201.5630909887869
229.1326766943262
189.3666221662621
187.33156119776146
193.29332245269242
196.49613645668492
194.5942340446327
194.07259122411298
192.80005050040756
191.60789308295531
192.55105509312781
191.9066339165446
188.4597538843347
184.82241743469865
181.62083366119273
179.0831393754594
178.21597678099894
178.7363844814528
179.90763187642744
180.84209134385887
180.79950272596784
180.31834423494323
179.83561987621434
179.53805397848103
179.77026729800008
180.07428570508443
180.11875020424034
180.11131615005982
180.00871722068302
179.9114431236915
179.9710302141742
180.02313635829213
180.01589566919753
180.01583302615782
179.99843526198345
179.9822067982992
179.99641004194416
180.00589374856443
180.0014286178111
180.0005746807454
180.00026488492398
179.99860694231018
179.99983400272768
180.00079185502057
179.9999222676692
179.99971104747786
180.00007928576454
180.00006545665147
179.99997036642415
179.99999210477606
182.79575596512618
183.37237682897626
181.57673697718266
179.73438716572937
178.43304761254973
178.06383988060716
179.38646376322777
181.39582355979354
182.56116768358362
181.0744642984544
176.11769647127866
170.04427681916368
166.54273411072074
171.20229118237145
182.1287716713789
181.23462012401018
166.1786561441045
164.3309583708177
183.31172809012068
171.07884730049025
178.96713723020673
177.97190023277867
185.54895611977804
171.41445844093198
186.7832764351052
183.69132229771995
181.73612839411226
179.74000497580604
179.31195789552112
178.5115741887776
177.81421559385066
177.91243997396344
178.34582085922062
178.87343614494367
179.36879174378524
179.62157001313162
179.27360081237663
177.68908928859065
175.5121660994431
175.6356932766395
177.90157181405453
176.51225497790824
172.9243077430865
180.76696861454315
187.29890576366358
190.16891058954872
181.989324436462
178.62212755251068
182.54811582400865
182.06394152092776
177.7443544877358
181.42049370209253
183.9683183732961
187.89689026175856
188.3111544288274
187.29868150961954
185.0264396806782
184.05023422970817
185.8495810293982
187.360055298473
187.28791961255425
186.74562726422533
185.30201501393248
182.91148938983736
180.5205615301963
178.92446337731243
178.60191854127913
179.13759918909884
179.99824070046333
180.663025986031
180.62321690096582
180.24668528893204
179.88314293165246
179.65728339180262
179.80502502348546
180.02658770217948
180.0830706032902
180.09509281869995
180.02323472315445
179.9466538573913
179.97668384669146
180.00592427725985
180.0055697025302
180.01168015826093
180.00102219423547
179.99026367991127
179.99834726285496
180.00284642205958
180.00042892643785
180.0004817902015
180.00017191052643
179.99922212783517
179.99994101550158
180.00040292235536
179.99995064133245
179.9998616864152
180.0000402767678
180.00002999947975
179.9999858489223
179.99999663581355
170.1873792681103
170.27545883568433
170.00487994860575
169.56870568564904
169.11317239790705
168.63379120928673
168.18792031054267
167.6767933475661
166.92436424216274
165.75653124971535
164.33310011566095
163.53728213746487
163.69812900660366
164.019623699364
164.65754897163055
167.0960978869782
164.5104668931056
164.5883517441114
166.28079793970298
171.8856518610418
162.70652150713983
162.79882185657874
166.0999834128559
168.99627712966384
163.32790332425625
168.9696796455449
177.87369395598157
163.15079920333503
168.6981650351937
173.7691986562332
169.70160807281135
169.74382749975138
173.78677872807003
173.62756886763145
173.21988044152252
173.24780397371913
173.62123365084403
170.97906747732551
165.8458780871364
164.31983663499955
167.2681673954879
167.62880846732065
163.53026530619672
161.3049300463919
161.20603011919246
158.95325022467625
155.34211358156736
155.17531432970176
160.0022261327692
165.69405325315222
170.86342901210585
174.50053075117196
175.8553088212843
178.1325973358225
182.23506301288515
183.41611984973517
180.87896193376147
178.77193436471399
178.14033038228658
177.91443815089454
178.35335680520564
178.66732049961863
178.13643366077284
178.19610897407134
179.20546134101147
179.93539683862252
180.18454461530072
180.2533907206067
180.05115294698527
179.8500326634347
179.91624361073283
180.01378654817873
180.05287841214547
180.06525331521942
179.98571400629382
179.93229799743517
179.97987864967746
180.01752695917492
180.0233957100673
180.02274872150895
179.9983350763031
179.98020048285485
179.9916311037887
180.00183799948752
180.0029075624182
180.00442369907765
180.00124020282055
179.99761806435558
179.99924402414206
180.000392438012
179.99993579017143
180.00018136126602
180.0001030197734
179.99981062185628
179.9999984314331
180.00008608472888
179.99998096912665
179.99997793271692
180.00000887047239
180.0000031650201
