210.51299371901692
212.177212860434
211.31412418254953
209.45147829882296
207.77045374752987
208.05508684049397
210.84081643589752
212.14992580960774
210.98817046359162
212.13237498995662
209.19838279741836
178.71270847507077
192.4323258570875
197.305689454343
194.66636073780506
200.01006876093345
216.23543442168625
215.19043571037582
220.3600877821047
216.01727192384587
211.9144605019683
208.75968338136258
209.0865328584573
209.97658871018157
209.73933543426176
209.15963333799405
208.0703949623267
208.44402063274953
214.1510166494931
230.1329972097793
215.01500789074225
214.37741354364178
214.53444482850034
214.88720344303525
215.07989370614018
213.3062308727719
217.83222058258562
216.09120379167314
212.40706059783432
210.31073855180375
211.17952515163898
211.06265940440792
209.73093934743656
210.46185897182315
213.15496768098467
215.26146764994104
214.17846825812762
204.98803749113912
188.54166070444813
178.3495305080442
179.44528115536176
180.81897790349737
179.48579386589418
179.9491765035821
180.47698610808823
179.81253984445544
179.42974228624405
179.63006506257025
180.34966345517958
180.69797581081403
180.20356039582109
179.7722208939037
179.67066409797997
179.71973074803594
180.02724809202388
180.24530899714495
180.12139724930418
179.9907302951382
179.9560352686647
179.93208764563508
179.9832752621904
180.03452636820379
180.01086808811343
179.99494481083485
180.00060179948923
179.99674997139323
179.99871466522853
180.00315697708484
179.99995876652514
179.99855673651254
180.00029968248438
180.00039137687162
179.99985619167808
179.99993350415568
180.0000358511668
180.00000715171876
179.99999420873615
179.999999534964
180.0000007042569
179.9999999771756
179.99999994566
180.00000000945107
180.00000000000009
180.00000000000003
180.00000000000006
180.00000000000003
180.00000000000009
180.00000000000009
180.00000000000009
180.00000000000014
169.4064959207795
169.34511398100472
170.0321093055234
171.0430248253165
172.0818074523159
173.18492767220076
174.15374652738427
174.91531749657773
176.24461459562548
180.14153709677703
185.65933805723995
186.29131308299202
180.94926620186544
178.28374428295677
175.34755484186527
151.19335455483306
173.70569393981742
174.14837722858596
167.13740911025783
168.74355957540524
176.74293282094484
181.1542377524798
180.85405486222837
180.2582096203412
179.0911811809698
177.39093547260865
177.19643180402196
179.1945271085803
181.27038946998482
176.87113652898122
177.2105190848109
172.66999402318254
169.4874810739225
166.66171361048583
164.990426652209
164.23381761149682
164.00592924776123
164.2834980974005
164.81636962275505
165.69565832098257
166.90988694977418
167.96185198212177
168.64739026949675
169.03007294768145
169.2985085729696
170.1320046420443
171.92318982224052
174.25055640521364
176.69936952236785
178.67928033570092
179.68423462568597
180.0709339309126
180.14517686520992
180.08210125395783
180.174807214913
180.21996141674177
180.0864126586353
179.95081826028962
179.8254387424515
179.80736098300258
179.96613559165044
180.09966414974477
180.11309725098428
180.07145007305445
179.9843584026935
179.9259108923055
179.96164353450337
180.00416601430265
180.0147272720827
180.01995785763614
180.00512914604417
179.98972150166503
179.99648379868532
180.00150387613664
179.9998674515088
180.00099719713884
180.00039401123217
179.9990262332903
180.0000110818127
180.0004471930547
179.99990750705598
179.9998784990398
180.00004458802653
180.0000206567715
179.99998887105744
179.99999777701586
180.00000179879882
180.00000014469177
179.9999997811349
180.00000000709332
180.00000001688755
179.9999999970629
180.00000000000009
180.00000000000003
180.00000000000006
180.00000000000003
180.00000000000009
180.00000000000009
180.00000000000009
180.00000000000014
192.26038178612797
193.62344377471032
197.89083577057735
205.48728076174277
207.9328860526138
197.1395906947235
186.8290369379252
211.14071047029748
174.51918471689942
187.47988859767315
182.82809271737173
195.70421203012708
209.01967010544794
209.02473974402318
211.2425409381068
218.70501625045483
209.7456141152994
211.28479293501331
211.76152879223517
213.1437571702424
213.91065397465525
215.03076749480317
215.80616225117194
215.23270897201039
213.6666261844175
212.4973865119163
211.4770426460928
207.3431824972746
207.54074578513908
214.58969702318365
201.22324689188903
195.1361099966334
211.42738852146027
212.7995579776659
206.29955512692732
203.2041223886999
205.03305545597215
203.23883449730337
198.95471888190784
198.20557222966806
194.6811630399736
193.25520640507762
192.12738295354768
191.9031401132503
191.9752843503651
191.31334119681404
189.29279642415204
186.4868817180292
183.48667260986556
181.1064895660839
180.05947414615636
179.80804136860615
179.8908477140144
180.06298474741968
179.91649460272566
179.77858580299505
179.88082863953912
180.00364884700542
180.1588003746256
180.21250768789872
180.04602360626876
179.90251440111058
179.88527430223374
179.92121145422385
180.01365980736384
180.07783733122048
180.04015156531935
179.9962922670667
179.98495387228627
179.9786608896435
179.99450507428338
180.01083699739485
180.00369949716904
179.99850723910745
180.0001329134492
179.99887973622583
179.99959622198378
180.001058380537
179.99998196925756
179.99951720786757
180.00010001813152
180.00013140067713
179.99995201978535
179.99997742389854
180.00001205347948
180.00000248246982
179.9999980245452
179.99999983477397
180.00000024338482
179.99999999211212
179.99999998122064
180.00000000326622
180.00000000000009
180.00000000000003
180.00000000000006
180.00000000000003
180.00000000000009
180.00000000000009
180.00000000000009
180.00000000000014
189.5887089118588
190.28703881207127
190.90684025593714
191.8141907112456
193.25911595824493
195.48779935265205
198.40389915545734
200.7599249702405
202.23327269633037
204.35593182843868
205.9295483625852
201.4917587230296
193.71307475807137
198.9693708938831
194.621069844703
186.291861792585
195.64428007939387
195.26527648439134
196.8268873536049
197.97055414780868
198.93460128293052
199.3902958896019
199.63215490112847
198.97009463970946
197.85623356121684
198.99487677246344
201.93633121231886
200.93482902848484
195.42840070417617
193.4419555747727
203.7869001698769
205.69159453283518
199.54224206948135
195.56980747932388
195.6014922543625
194.4862134268677
192.88283565632173
191.85496187100918
190.32161653209198
189.0167393276677
188.5833499170549
188.56825213162998
188.87174970955263
189.1376385404133
189.02741509918997
188.93479905938392
188.524041516668
186.25954035765895
182.3676757888501
179.85874095118723
179.76767729273823
179.96402052274595
179.8683961460661
180.09250214387276
180.1454826627325
179.95370521697356
179.85774279759707
179.88677373707884
180.07389472535505
180.17752822010098
180.05585260471463
179.94825575057757
179.91924051467998
179.92682124137204
180.00529806026864
180.0616148379149
180.030733034536
179.99847056744773
179.98910377663566
179.98241371976718
179.99566091349269
180.00875679785494
180.0027720447842
179.9988201056073
180.00015430920982
179.99910866506204
179.99967773335553
180.0008266755807
179.99998430838306
179.99962671565766
180.00007862496702
180.0001005432143
179.9999627823505
179.99998305962322
180.0000092050108
180.0000017952217
179.99999852798499
179.9999998852683
180.000000177347
179.99999999425236
179.99999998631606
180.00000000238
180.00000000000009
180.00000000000003
180.00000000000006
180.00000000000003
180.00000000000009
180.00000000000009
180.00000000000009
180.00000000000014
178.11184240944004
182.23126333844453
180.70954404058483
171.18598308807924
170.66034433103735
172.12150766800318
166.3237643041468
178.31943250097024
176.79645861042218
178.46426796397668
172.49875924637863
168.83116376905028
170.9051197530029
177.28295489450053
167.1730145059137
222.90087300935
171.88956127087997
173.71409805425728
169.7624355240748
172.33081532965602
178.57299848632292
174.77336152866482
170.92358414460261
172.2826919881736
171.35436648356725
174.3883378408082
173.77985304545712
172.8502715408128
171.2684925070278
172.54626627122593
176.73947796004293
175.33923686314495
176.6583185162758
181.49100299547845
187.5793678409355
177.13481889732262
173.92782224615254
185.8671492101735
177.44543631987096
177.4847998103801
176.28497639068217
180.30421718488788
179.22663683591392
177.074610404944
180.46335438362496
180.03267820032318
180.5734696726798
180.73016008866364
180.6343360937945
180.46779890483006
180.37206554923534
180.22098316494416
180.01298176164696
179.8620130095613
179.78695578592453
179.82957843056354
179.98942174904136
180.11142106009328
180.11372786367306
180.0616501512759
179.9851871188443
179.9332610600221
179.9591075152603
179.99820298121153
180.01290578117676
180.02076640561987
180.00843887363797
179.99312646810571
179.99559566075712
179.99850373000191
179.9992458275567
180.00183671640156
180.00076859294
179.9992641015865
179.99998891885275
180.00010548181172
179.99990323190792
180.00007833621865
180.00002257655038
179.99994190306262
180.00000691958354
180.00001884692938
179.99999426006548
179.99999621561767
180.0000017441793
180.000000514014
179.99999965782214
179.99999995847475
180.0000000483313
179.99999999843368
179.99999999627084
180.00000000064864
180.00000000000009
180.00000000000003
180.00000000000006
180.00000000000003
180.00000000000009
180.00000000000009
180.00000000000009
180.00000000000014
151.65341120114866
158.14195750389595
154.98794989696003
161.9990654310168
164.50822151293784
168.1950352129169
169.98883369424388
170.90468422046948
172.55561457176788
178.10086589653906
187.26354186008408
192.2291516443291
190.43084815402239
188.93979538015552
183.8567809427437
156.08531018317862
177.40064947568692
177.88127140250626
173.5581730211116
174.7457885762952
178.41649661589088
181.56620152274405
184.47121450585425
184.8933456215414
181.85388775779694
180.27656466922468
181.87756250928445
182.99729439961132
182.54173112628393
180.75229900920638
176.68354280542923
171.27905252827748
166.00976198944937
161.81293138580932
159.61989776701822
158.97196320750842
159.08488664064683
159.2130913038163
158.61559202097635
157.830867838479
157.31309621706095
157.10369516742944
157.48085607237635
158.0728537439539
158.66192489640449
159.69653301995075
161.87090953925497
166.7464630646163
173.91181738752877
178.83800121002977
179.7555114439355
179.94359768690137
180.3713414688216
180.12279096379524
180.01863526354637
180.21988984936993
180.24102777446785
180.08608895598803
179.7386276076237
179.6077668654231
179.900549651448
180.15280780592838
180.2089845878437
180.16164527406448
179.9781958357189
179.85245363771713
179.92483656229783
180.00527403188127
180.02787504253178
180.04150500311405
180.01021000002993
179.97897672702092
179.99321973676246
180.0030271930555
179.99966962388186
180.00203273380515
180.00078302134045
179.9980394590002
180.00002755243892
180.00089626380603
179.99981417939838
179.99975657586694
180.00008922730615
180.00004152739896
179.9999776909485
179.99999549754997
180.00000362270043
180.0000002953136
179.99999955734464
180.0000000143462
180.0000000341551
179.99999999405966
180.00000000000009
180.00000000000003
180.00000000000006
180.00000000000003
180.00000000000009
180.00000000000009
180.00000000000009
180.00000000000014
117.06286490273894
161.07669124040734
159.03556164747667
154.49392489094836
181.57888436979152
168.06284824867177
145.28059529127765
82.23583887785897
118.34129431019147
99.1701269269232
73.80622398828282
65.48745725330659
80.93407666230411
90.59356176607481
73.27764498388503
69.06406557783997
71.608959578279
69.92860540270784
65.24814220344769
64.03026272713981
65.13072662014896
65.78658664239292
66.40899605975592
68.77469437629058
71.41358582839725
68.96337152701
61.934855379043256
60.44224695851011
71.19151709097649
95.95487293055218
131.00904065029712
156.3236106886237
117.6022220723869
78.09581280718848
168.17291926949545
191.06885494339429
185.06126178757637
177.87216334609394
176.6562114040337
163.71430146963664
153.84198999192594
151.95832792112165
156.2904657186016
163.95143826916296
171.74715172593412
179.5684378127821
184.99538419698916
184.08395326232505
178.15541615565496
174.9659112067557
177.60862286866157
180.17404807356695
180.76973683955498
181.23651441203563
180.57149133117548
179.6043869469781
179.68991846122995
179.87176717352284
179.9706544573748
180.14315202156885
180.04340993452053
179.93643991175222
179.99613500760734
180.01215402754715
180.0010760344126
180.00990092875116
179.99573013890006
179.98710694797268
180.00129382842687
180.00707884455915
180.00107209602587
179.99878934833131
179.99936381774307
179.99905177274653
180.0000176101903
180.00086702155514
179.9999972714947
179.99957393602617
180.00005897530542
180.00014879226094
179.99995898603262
179.99996526468624
180.00001480036073
180.00000501807813
179.9999968345888
179.99999961318775
180.00000042231548
180.00000001321817
179.9999999585424
180.00000000134366
180.00000000319892
179.99999999944367
180.00000000000009
180.00000000000003
180.00000000000006
180.00000000000003
180.00000000000009
180.00000000000009
180.00000000000009
180.00000000000014
202.6505155604431
229.22041687086477
226.68551281229455
223.23132166863542
231.74623609823465
236.5753138846066
244.76705778598745
252.74226645981207
252.68156874367412
250.19379307648038
245.7693183205219
241.5219107942265
244.13968402435697
244.59771851648563
241.2691913751833
233.5569387757624
235.91717537957163
242.11868738111875
239.51312021312916
237.43521162866676
238.9041945287999
240.39395109088957
237.7827397866612
237.86237236497198
237.4668058595252
239.02305460299428
243.31795203904034
250.0353029156945
257.16744846326446
259.3996497159263
255.46980797735495
252.95967275869205
250.29891291155263
230.52938269306532
235.28972407255537
232.10351850164218
237.1688713874607
241.27692999989154
229.84545276819105
207.60476693024782
209.33783634587797
195.30892738516462
197.9025755096234
198.81804265510127
201.19919753846278
201.53181249365846
198.19371633060268
191.97949204452257
185.01384387584216
179.95439067743277
178.7462475110748
179.29903698859923
180.05553288495247
180.74397689774315
180.3243137256456
179.68799341354938
179.6882214507779
179.80805059759265
180.13097316693077
180.36176511857457
180.1191140640323
179.8864428283977
179.84231364099978
179.86170379537336
180.00775922482043
180.11869628082354
180.06160294188686
179.99847050421542
179.9786916257991
179.96487311917429
179.99099954401098
180.0169561482355
180.00569031414062
179.99812751989447
180.00025134734116
179.9979643694009
179.9993888287745
180.00174853258608
179.99994778480055
179.99922536511977
180.00016622465594
180.00020714514946
179.99992284439583
179.9999652388187
180.000018968872
180.0000036653392
179.99999697900736
179.99999976745124
180.0000003625727
179.99999998824933
179.99999997202417
180.0000000048657
180.00000000000009
180.00000000000003
180.00000000000006
180.00000000000003
180.00000000000009
180.00000000000009
180.00000000000009
180.00000000000014
186.10458573896523
190.3872517415089
196.5390015275781
206.97683449215782
216.38083792776348
209.6162988081534
189.41540773218162
189.32624738572767
200.94120688456633
143.15579156774453
60.87365070314934
210.74937667209318
201.0884906807603
203.27660447843715
257.0336918183748
322.6120332244951
129.2249924884971
159.24767841356243
281.2825076694551
301.48161419944046
80.40751007898486
331.21261131361166
301.82740502616684
337.79409319967675
365.4255535335028
326.77381541371443
309.65450082722754
236.6029512810628
217.19101153779062
192.706619757379
195.4979817095208
195.91539575430548
206.8490240353022
307.5108640950316
226.82955148000474
226.30074252273695
207.51027486155297
190.3362065018306
181.0404407477675
182.1897528471405
186.60196361915672
189.01646219719268
186.45092270655033
185.83131338224013
189.9162191590261
192.24237197328182
191.65704455386097
189.04778862485244
183.89563620913478
179.65818120407988
178.6786522171824
179.07750609106282
180.081295116361
180.91925007137544
180.377498360265
179.7207995779479
179.70454950119543
179.77501200531978
180.09382449370102
180.33017191378102
180.0963714910147
179.89221873474816
179.88007392306028
179.89931393603607
180.00943333607822
180.09504620121783
180.04237672511005
179.99102231345307
179.98485872051526
179.9782075754878
179.99408634254362
180.01191706953583
180.0038005913434
179.99795255238067
180.00020633894408
179.9990658044557
179.9995390583604
180.00101796761632
180.0000011454573
179.99952223076468
180.00009654476784
180.00013101308977
179.999952368216
179.99997753421812
180.00001200357312
180.0000024506563
179.99999804056017
179.99999983790892
180.00000024055285
179.9999999922039
179.99999998143915
180.00000000322822
180.00000000000009
180.00000000000003
180.00000000000006
180.00000000000003
180.00000000000009
180.00000000000009
180.00000000000009
180.00000000000014
199.48846267314832
207.288856991801
212.57366044541436
209.40463936046967
224.10534116430256
228.2527342665656
235.27761723365398
244.9785484745691
248.14150180723374
254.43973979785082
232.36253469655915
261.6865701176761
238.85620559105297
251.7092262237057
258.12363607987004
243.38285358058224
257.3581840321633
262.6455038637807
258.3945100136893
259.67347810295706
258.6833195329852
258.9129277003925
260.81484824221724
261.4222113973565
263.5438000885675
263.4264923742072
262.0745352531587
259.3271016745392
256.0301650336035
253.27325483804796
251.57153206292796
249.50329452154318
248.2887484837127
240.8466793614181
227.00071931611663
220.98390007391825
224.968352677544
225.5721368541205
211.3337521957187
202.4345948874592
198.01760564060564
194.09151803111055
192.1899772511739
192.902233542998
193.84686644714523
193.62134506187394
191.38014237767356
187.61634528063507
183.4262745209441
180.28858986949533
179.32932670158198
179.51611911180484
180.00431436999455
180.43712507100938
180.15918207010816
179.787887293059
179.80938115065663
179.89331906491302
180.10164879740162
180.23865087312987
180.07138959535496
179.91775842281712
179.89431324434764
179.91244992160492
180.00675739184294
180.07791705705503
180.04039552173904
179.99832190480183
179.98589799519726
179.9774363446467
179.9940551597328
180.01091086636308
180.00378772998172
179.9988356716058
180.0001428275819
179.99864927071556
179.99960431027395
180.00115088850717
179.99996453272416
179.99949078035428
180.00010942083568
180.00013611273206
179.99994927803635
179.9999771670469
180.00001246429468
180.00000240634043
179.99999801570294
179.99999984743587
180.00000023806368
179.9999999922846
179.9999999816312
180.00000000319483
180.00000000000009
180.00000000000003
180.00000000000006
180.00000000000003
180.00000000000009
180.00000000000009
180.00000000000009
180.00000000000014
193.0158782398922
182.2338565749478
181.77753768853668
178.0650596660282
179.77647356039893
180.40715344541383
180.09272295508393
178.20075075015995
178.77152606472907
177.49598430031455
176.07576337892525
174.07201246250415
172.23549740922024
173.74667082269272
176.91726440313488
181.61708775211878
182.86974814029983
173.4658431823295
184.46525045626947
183.6031587523569
180.62889524847355
179.6813165757263
180.3389952863991
180.16384695250224
179.5749266389396
180.583103675691
182.49849983301894
182.2558311632325
180.94740271733463
186.06583259520932
181.32040321343416
181.63815386290108
180.53793665131292
180.12418418142997
180.31579556079353
180.32662978939072
182.40543488185526
183.5477463068728
184.43411143380635
185.26381894448903
186.15974677709391
186.87777812031476
187.43525011424296
187.62702309765797
187.25386653677526
186.42152905663377
185.1932356109739
183.6720216670274
182.11838903385134
180.84526379917284
180.06920457329957
179.78365782257978
179.86729245338347
180.01639415953417
179.99826744366777
179.95049613067062
179.9377129330143
179.95741612430677
180.06664922234734
180.11650617229125
180.03472508337813
179.9621730313879
179.937142575339
179.94595204224657
180.00561443993536
180.04588881647186
180.02326939430174
179.99905071029778
179.99146387822972
179.98663615038424
179.99684604167652
180.00671342627194
180.00207336302893
179.99902507835506
180.00011387338503
179.99936262783623
179.99975595758633
180.00061731561001
179.99999083794094
179.99971742089664
180.00005823033982
180.00007709007537
179.99997194592305
179.99998669648716
180.00000707438411
180.0000014744447
179.99999883422663
179.99999990104106
180.00000014432413
179.9999999953226
179.9999999888641
180.00000000193685
180.00000000000009
180.00000000000003
180.00000000000006
180.00000000000003
180.00000000000009
180.00000000000009
180.00000000000009
180.00000000000014
164.24700950383036
163.66603503705903
163.6071199840275
163.3631227602903
162.72033491611626
162.07955937003675
160.93026576277808
157.9080776926509
154.60652930760457
157.5134060982486
164.7054753835036
159.10510297700725
157.24203156688608
164.17431863242408
156.5139052301998
148.33283308659563
159.05066565233682
167.572671818868
159.54481336010832
158.04044880414952
164.71926093155432
166.90127048332909
165.61134294701705
165.52904429545018
165.28639663346536
164.44161888229388
163.7154850125956
163.08803806331568
162.18388543054982
160.75834073892767
159.17726151089704
157.36623025451078
155.81838211562783
154.61911178054532
154.18508675584874
155.124827986333
157.40023568389853
159.92288073105917
162.2023312588757
164.90446237949226
167.8100033523865
169.7528442331055
170.423759011401
170.25682724616306
169.69517932537323
169.7480226435664
171.2021419022531
173.70435303351744
176.67452016578656
178.9910961822719
179.84245665264584
180.04144364871576
180.080407160749
179.9926596426871
180.15756409297896
180.28380623770332
180.1215369150438
179.9490514649676
179.8034484605667
179.77529650808935
179.96470570237233
180.12117414888922
180.1225718462717
180.0713655610232
179.98172682386402
179.9200066397932
179.95987821012992
180.00673954780493
180.0155601445848
180.01980092352093
180.00534965882107
179.98945938347208
179.99629969065086
180.00165310268883
179.9998753385689
180.00096009741858
180.0004147004581
179.99902025247312
180.0000051445359
180.00045489109098
179.99990685073962
179.99987594864552
180.00004540186396
180.00002111053908
179.9999886404038
179.99999772769758
180.0000018372609
180.00000014805997
179.99999977632388
180.00000000724924
180.00000001725877
179.99999999699833
180.00000000000009
180.00000000000003
180.00000000000006
180.00000000000003
180.00000000000009
180.00000000000009
180.00000000000009
180.00000000000014
