183.55
183.85
184.02
184.11
183.95
183.84
184.03
184.65
186.05
185.3
184.76
184.6
183.94
183.43
185.7
185.05
185.11
183.4
187.8
192.83
197.12
199.4
201.76
204.97
208.51
210.19
212.59
214.93
211.14
217.87
220.05
222.18
221.35
222.17
223.85
223.43
220.36
227.26
216.43
218.9
222.63
220.47
220.94
222.85
219.69
222.46
222.94
223.47
224.29
222.76
211.97
222.45
221.01
222.53
219.73
213.2
210.55
209.03
208.05
205.38
202.6
200.7
200.05
200.45
198.01
182.77
183.33
184.74
184.2
183.83
184.15
184.76
185.77
180
180
180
180
180
180
180
180
180
180
180
180
180
180
180
180
180
180
180
180
180
180
180
180
180
180
180



















































































