167.57
169.08
169.12
169.18
168.45
167.37
167.05
168.47
168.81
168.53
168.92
169.83
169.25
169.39
170.42
170.07
170.74
171.71
170.29
171.86
171.61
171.34
172.05
171.35
170.72
169.2
171.47
169.82
169.33
168.33
166.46
169.7
173.63
168.27
168.52
170.34
150.01
161.49
166.94
170.03
169.84
169.16
171.27
170.62
171.4
172.38
173.18
171.83
170.35
171.43
170.23
169.45
169.14
169.9
169.67
169.63
164.98
161.64
168.33
166.33
166.18
164.51
163.87
169.58
167.28
164.09
163.71
170.11
169.49
169.85
169.26
170.42
170.88
171.58
170.65
170.95
170.51
170.64
169.95
170.42
170.25
171.17
170.21
169.91
169.78
170.92
180
180
180
180
180
180
180
180
180
180
180
180
180
180
