165.88
165.47
165.83
165.82
166.75
166.19
167.47
166.31
166.67
166.52
165.89
165.41
166.74
167.37
165.84
166.67
165.98
165.8
165.01
162.12
158.34
158.59
167.42
165.78
163
163.73
161.35
161.45
164.04
165.88
163.77
164.81
159.66
156.93
159.61
167.05
158.44
161.65
167.75
170.33
170.37
165.59
166.09
162.43
162.61
159.28
161.42
161.63
161.23
163.65
162.91
163.36
165.76
163.01
163.18
160.87
159.97
163.05
161.92
158.72
160.15
171.38
165.31
163.06
165.73
166.78
172.52
164.63
163.69
164.47
164.14
163.41
161.57
162.31
159.05
158.28
161.33
161.94
162.41
164.28
163.41
166.77
164.84
163.87
164.49
163.9
180
180
180
180
180
180
180
180
180
180
180
180
180
180
