194.82192013321935
194.48512769727674
194.20676868581126
194.64634915109838
195.90089565195308
196.33106403311012
195.548952240402
195.34165240484094
195.84048098160883
195.15395952220365
194.03520584115867
196.58864451194347
195.97604974692234
196.6504463758269
196.26855924669357
199.23402685794065
199.77519948428431
200.11646090908064
200.60946621574146
202.3051864144662
203.47202639047865
200.00093501099397
202.18714396268308
199.72647423760628
198.50931958741722
201.25376042026335
198.51900278279427
200.3445999138833
195.56570349821789
189.85290671327476
194.5640863744268
194.37190538143466
193.88031374548083
194.87869584638517
196.93141316063594
197.1451742875275
195.79489189071438
196.04631323635428
196.071950594746
195.54043062788693
194.3213432639199
197.04669331755048
194.4705995396042
194.6729561297509
193.98234638978784
193.63887194051895
190.80838920351388
190.20858732186235
191.08704776833548
191.862556179608
191.91501537951726
191.92860732605476
191.5191965891808
190.1386151711316
183.50573651872637
180.80668311984408
180.68864261278495
180.27702863451998
178.5801360395592
178.4321728475653
179.65648226618745
180.57678228655797
180.96814171308915
180.76580697243796
179.87345924376874
179.3308381348692
179.67683125689476
180.02666801978373
180.1019640745438
180.1678653918867
180.06958963533813
179.93523822666018
179.95832222661903
179.9892342756399
180.00017949906987
180.02119632747977
180.0049894150901
179.98865275537165
179.99848863140573
180.0020805574596
179.99994477270874
180.00130303298468
180.00019850892832
179.99885227180047
180.0000212924971
180.00048995087954
179.99991205353513
179.9998536325961
180.0000484072336
180.0000287882823
179.99998521914083
179.99999719474786
180.00000257158618
179.9999999166568
179.99999980157793
180.00000003451038
180.00000000000009
180.00000000000009
180.00000000000009
180.00000000000014
171.35835107251538
171.35616476875077
171.94770779526152
172.82248503878185
173.55141895304249
173.49226601230114
172.48742651418155
171.686437161758
171.95306610667896
173.5256546710596
175.56051944302067
174.38284641949764
167.87161372624354
157.77199997779277
164.7697796852348
167.64078871439312
169.2675564242749
171.2309317685049
172.37857756191227
172.25945172596204
172.74998825491443
173.03538067402638
173.1863313938344
173.3019821327597
173.12689862845505
173.00069836835914
172.71351550915446
171.13408752698444
168.31451260296376
166.17886850201646
165.62127502719466
165.98159447130075
166.80068848716394
166.79841692753692
165.58652189349908
165.81455026262034
168.02890196663986
169.08840048426376
169.96312107288816
169.70895591953533
168.93437305126852
168.25575939393846
168.3419652308668
168.38378700431852
168.19838412438142
168.31038792119801
169.95146525979385
170.64548447049222
170.70742865700836
170.9034641321708
171.33722655878003
171.36823279734094
171.54590529611252
173.65939653929934
177.52414754129
179.8208499343225
179.59178173290874
179.72551742468767
180.77679858130207
180.9187597513548
180.27134664724068
179.744990201672
179.38749139399826
179.4546573639604
180.07031244590902
180.4364034670751
180.20933256928507
179.99155991313515
179.93754814772228
179.88651716778094
179.9519873577045
180.04093912303426
180.02776434381144
180.0092959738069
180.00019234213448
179.98513628173475
179.99656353296837
180.007533019231
180.0009977218947
179.99877776688072
180.00003858092705
179.99902361841728
179.99987896189825
180.00080990271783
179.99997672789235
179.9996604288195
180.00006274826993
180.00010033847136
179.99996650394115
179.99998038747594
180.00001011577803
180.00000190608873
179.99999824664025
180.00000005682517
180.0000001352883
179.99999997647018
180.00000000000009
180.00000000000009
180.00000000000009
180.00000000000014
201.30074737184992
197.83231595648107
192.78229855959884
202.78882204105264
218.60816075478908
187.34704339675432
211.79654395988084
200.7014766399305
200.2145799037031
200.04367242516554
202.90445496482894
208.7197985871833
214.74190236222955
213.33434313479495
206.32530472319777
214.50582104997702
212.1259463094458
217.32130827784553
216.63600455768767
217.5452897191832
219.7678158671528
221.86447956778116
223.86976392800548
224.43680749990568
221.708945523002
214.53828255445916
205.90232642683912
206.73260486537433
217.73750989934746
219.46764045325128
208.11833962361513
205.38821767688805
214.3854673955394
216.30198464798966
209.1031158989429
204.49321430002314
203.1190864982278
200.74058834204098
198.92809739704867
199.20715501223899
200.43502399124537
201.23653695941002
201.12055255828085
200.83306945510589
200.74567133606755
200.84673106462026
201.37311321045007
201.84501991288226
201.81525799076553
201.34028994069197
200.25330013176495
198.50001356966771
196.11040230948245
192.88494645207956
188.89188843908903
184.58644004802605
180.5990878932475
177.94203221020192
177.24778161115577
178.1182841121984
179.8676532513093
181.26731738649153
181.37410861924073
180.73114174759013
179.84283985389544
179.2362736307301
179.48267974949502
179.94012653602994
180.16853818402808
180.27870460538097
180.10154954384396
179.90271180905168
179.9375106467081
179.979215911261
179.999910331673
180.03444789052082
180.00771142014148
179.98226419706592
179.99768730461122
180.00301918566484
179.99992470041636
180.0021884587323
180.00029115549066
179.99814282687643
180.00004504565723
180.00078521349647
179.999857010125
179.99976658819006
180.00007752964697
180.00004578586598
179.9999764438828
179.99999554369728
180.00000409142393
179.99999986739996
179.9999996843081
180.00000005490642
180.00000000000009
180.00000000000009
180.00000000000009
180.00000000000014
184.29797038304207
185.1459112533571
186.36734353824144
186.4444018211035
186.80880738549425
193.70744119429685
193.17622448695766
197.88077763308374
201.2493254099444
203.39338950576368
204.00988974038668
205.13628488609913
207.48512026931175
209.72199543831366
211.15326316209888
210.87969999859638
210.02424442366458
208.81492428489798
208.51906374161305
207.62921214298783
206.2606780980252
206.14942077888364
206.2336989887628
201.7599202241797
206.06857431913429
208.3675624681929
212.90041625220448
213.93194430503897
210.2899107898732
207.30470810906328
209.9593640622525
208.4375400519626
203.59615499336707
200.56459910118375
198.51617645880677
197.890091339226
197.87164220689948
196.0415188914487
194.33693401753882
192.02468815353268
190.892797837047
189.28405753384553
187.24459598945023
185.51266134209027
184.04587245788312
182.68447710695688
181.58593263508993
180.92766227896792
180.67349214848568
180.56911233042672
180.48417489639766
180.4947097087949
180.55817893099433
180.56910773140484
180.505702298233
180.32546916737311
180.04737218128935
179.8442917921439
179.8105440224049
179.88171452297343
180.0103706896038
180.10267211985408
180.07746143675166
180.01994471947432
179.98171057740635
179.95828582968616
179.9791893892763
180.0072638758665
180.00876524205938
180.00767314571942
180.00300196883185
179.99559990164312
179.99765412105086
180.00043972806426
180.00014588342808
180.00075606773825
180.00028124936682
179.9994314626175
179.99985568916213
180.00011690778027
180.00002477100642
180.00007625303638
180.00000863818624
179.99993046752792
180.00000002073128
180.00003102678912
179.99999494850132
179.99999032453854
180.00000309147453
180.0000019537945
179.99999901409717
179.99999980772796
180.0000001739956
179.99999999436096
179.99999998657466
180.00000000233504
180.00000000000009
180.00000000000009
180.00000000000009
180.00000000000014
176.94359202536245
177.1889450727962
177.22078522757104
177.23952836241952
177.383962667747
177.7090774371035
178.25675432626153
178.7818263843382
178.94663134502161
178.37610677666427
177.3288983424815
177.42438165628894
178.52008121842596
177.11858490886584
173.38982530132913
173.5702909921274
177.7532291788819
176.6180624611256
178.35499472112133
178.21677105799307
180.09777875945704
180.55945020778296
180.05993041761528
177.226974061533
174.09489139176426
178.01920576768939
174.99841502243922
176.51193129953037
174.2688830103327
167.0650691136026
173.0434948555791
172.16277197525477
171.25793267925448
171.50814431619605
173.0509240313633
174.26598512751102
175.17173844030447
175.95468522608078
176.17524602873146
175.58779321317942
174.72317880905123
175.1367983303549
176.86648931820997
176.9911594535996
175.85742754169556
179.34037562264245
174.28564585718567
174.9695565934164
176.40423284907382
177.35698994793677
177.04207324597417
177.36826625521203
178.37703612174622
179.12899966967692
179.66839372717487
179.99056834559042
179.93686212891564
179.88745527963513
180.0387832264009
180.10251027356335
180.0415648297869
179.99748797140072
179.95175387388437
179.93480546730552
179.98822089376347
180.03308198006079
180.0328713692663
180.01867955821652
179.99323448575697
179.97692423640245
179.99120273767073
180.0048966477657
180.00450034105302
180.00387468288986
180.0002237777233
179.9965128810547
179.9993645201334
180.00139009388525
180.00017437383065
179.99992104407218
179.99999688559058
179.9997181094912
179.99998956342577
180.00019382574965
179.99998807947003
179.99992325059364
180.00001541907474
180.00002197905178
179.99999245880153
179.99999577834328
180.0000022069018
180.00000040706982
179.99999962167502
180.0000000122613
180.0000000291914
179.99999999492297
180.00000000000009
180.00000000000009
180.00000000000009
180.00000000000014
165.85641718953568
165.58701405316268
165.15553744605964
165.97896832268393
168.02688526187822
168.2515085986945
166.01418794475904
169.51310164038082
167.54637632369634
167.7218582899334
164.83669900674624
167.9269942301198
164.71067218945254
164.4748183804382
163.9640152225685
164.55023544233993
166.32557282344146
166.07317630434258
167.2003275004415
167.21767656251248
167.85533982201844
168.31670021553148
168.676290913264
168.9679469717354
169.0215594799942
168.78750410561233
168.27211721447873
167.57787578112286
166.76531782736305
165.7401168122723
164.77704854621595
164.73326063211601
164.02846473514066
164.17049557583636
164.49540781372147
165.32980152083772
166.3583906581376
166.51419655280125
165.94602682476875
167.02993113831658
165.6379613965413
165.84986362881608
165.78019954928868
165.18593187788375
163.993633649801
163.5894553248076
167.57009536216992
168.84907886008617
167.79171084767066
167.10182807310312
167.4478928110365
167.80985144639837
168.4696657702676
168.96903895877455
177.59143520200715
179.69352766879075
179.72317743592407
179.4768427488095
180.9259911449617
181.09920269997212
180.3145797614056
179.75278033948572
179.30629019910674
179.32145576726
180.0026925089465
180.46861216772078
180.32471467773266
180.0896717281024
179.90032852611972
179.79017346013435
179.93926396896637
180.07577120088794
180.0358715115082
180.00900711989993
180.00134442114535
179.97903361581186
179.99487835889937
180.01114256965442
180.00150698330606
179.9980525628861
180.00003812481853
179.99865056849742
179.9998142464279
180.00115857801418
179.99997438119158
179.9995081924104
180.0000889600472
180.00014658273207
179.99995142012884
179.99997120189542
180.00001479978968
180.00000280469007
179.99999742710796
180.00000008338563
180.00000019852294
179.99999996547217
180.00000000000009
180.00000000000009
180.00000000000009
180.00000000000014
174.8653617153445
176.27264157396326
174.7557200630855
174.93052972225036
175.1735921276917
176.01235485852135
177.14751521661282
177.48617551196637
176.72666126610983
176.45339640119573
177.02159360701944
176.91328838207343
175.9987044136026
175.4760682570218
175.53465636568671
175.78557745540428
176.27152108798958
176.86279420952016
177.31541777517845
177.7298449920177
178.3956935931465
179.95900283128674
181.62681855485076
179.75024511382517
175.59622736057074
179.3634020484492
176.09496978373366
178.77677016548935
178.14810411253342
170.43071158072274
172.40835442357758
178.1022931216604
172.18074849490938
173.82343438375986
173.86079536484385
174.25032309233524
174.91869374236123
175.3092090382036
174.9421254378013
174.065877191723
172.97832802720563
172.39129813229812
172.80563509348784
173.7401424686463
174.56797834506665
174.273898902647
172.65097175693444
171.80604577780275
172.63376985940002
173.7214940129356
174.5844860793154
174.9809498059434
174.7245074588539
175.5131224271052
178.1015906353778
179.68397266862738
179.74036057241767
179.97769951208062
180.52610831034085
180.499743935459
180.11031876228577
179.8184555629545
179.66622256576687
179.7327250759855
180.03319642603887
180.22043049742834
180.1236539653915
180.00784792848575
179.9612756767652
179.93025149549106
179.97415642090215
180.02563862735286
180.01615539126698
180.00498484951206
179.99928227275075
179.9906109609509
179.9982597170002
180.00510719734743
180.00072774336715
179.99907101158405
179.99993826897995
179.9993925661237
179.9999230876027
180.0005358130668
179.99999421125577
179.99976662654623
180.0000399124662
180.0000713267926
179.99997683653507
179.99998576729413
180.0000072391661
180.00000139437577
179.99999873073804
180.0000000411359
180.00000009793558
179.99999998296673
180.00000000000009
180.00000000000009
180.00000000000009
180.00000000000014
196.84880655318366
196.6469280635417
196.57544736186412
195.63550788012088
194.0860592939775
194.40171651250887
195.7535345063017
191.8792645314291
195.37683687404376
194.29873903503628
195.01028302908188
195.48446785557448
196.09825485019525
195.7913424393091
195.99950044820864
195.45476446599565
194.95888186004976
194.72253391909925
194.99205311310214
195.57587849327882
196.2583295852101
196.70565922426698
196.652952937503
196.336091184443
195.9707350224821
195.7234304657551
195.77326939086
195.9060680346593
195.90593663740307
195.66356959532808
195.0737572901368
194.35482386301857
193.7927774876076
193.65245028875825
194.12449135958687
194.99292270145602
195.9370714129706
196.5537436443297
196.52132437554283
196.03264962495118
195.32287031846914
194.65514802168389
194.32186865812827
194.21031059827993
194.37647554269142
195.22383271942977
196.52187983445342
197.85536749303773
198.73746633715777
198.87135395556777
198.06027612258046
196.64086364425225
195.24457119889115
194.76889633624373
183.66734458949796
181.35606828604443
180.37254655935772
180.4038947539844
178.64602168763025
178.50266406571993
179.51631655238305
180.37030635610967
181.0553667296277
180.97835172632952
179.92896250782138
179.27332709701884
179.58353647473982
179.9463099713682
180.12684393344315
180.24977407139764
180.08618010873656
179.90929731975115
179.94848724862845
179.9847638785503
180.0001440968479
180.02961527738017
180.00633075875893
179.98422874773644
179.99791340758478
180.00283959751505
180.00000979056827
180.00184391247473
180.00025810398964
179.99838601509026
180.00002704837817
180.00069282000302
179.9998774788191
179.99979145366476
180.00006855872275
180.000041221066
179.9999789028179
179.99999597590605
180.00000368010564
179.99999988073048
179.9999997160452
180.00000004938659
180.00000000000009
180.00000000000009
180.00000000000009
180.00000000000014
185.19668391949713
185.43767558116622
185.88835687268823
185.45917205399184
184.44199755245117
185.52551849847598
187.54859205603424
182.8323892048033
186.44138057140546
185.20931405523203
185.74345766599194
186.2884120733969
187.03260279170436
187.951369344501
188.81794849324424
189.12252117171323
188.83402977388647
188.83517270101362
189.413727449959
189.82708570915577
189.96655205692733
190.31657606402487
190.61112356614245
189.97704281817911
188.45385524107644
187.3518065876795
187.31444721053225
188.02246230534936
188.50724553274122
185.8233561872062
184.29048103052125
189.6233287837985
184.95236770921213
186.48626495168767
186.30378426451418
186.2382218608918
186.07161331391413
185.90290676436993
185.66834461195975
185.20925570773736
184.59239169837488
184.20822490331992
184.2930780027673
184.83213851964246
185.53566345563422
185.4251603447561
184.27278819502172
183.53410331082574
183.72404885299636
183.8845776959884
183.95654567937882
184.41451195282818
184.74660750760225
183.77460791047088
181.5861223895272
180.22577638469264
180.31958854279392
180.12076671650578
179.37192944940637
179.32222052405461
179.89142719806236
180.2813553961241
180.3852653003465
180.28038654395095
179.94605112313783
179.73810432571992
179.8723903053483
180.01362466274622
180.0414645326842
180.0642800523388
180.02652576927014
179.97436265063442
179.98379123712257
179.99642811968772
180.00016320965187
180.00799093020018
180.00190854597787
179.9956037888864
179.99940872146914
180.0008479034848
179.99997989394703
180.00047678163446
180.00007975113584
179.9995670190229
180.00000588184787
180.00018644941832
179.99996700271416
179.99994400991696
180.00001843539468
180.00001104468356
179.999994341403
179.99999892243443
180.0000009862206
179.99999996803734
179.99999992390383
180.000000013235
180.00000000000009
180.00000000000009
180.00000000000009
180.00000000000014
195.50666589403346
195.68397667185172
195.16971599186672
195.74564343523764
195.48618940161492
195.246827502964
194.6051824014568
195.52435639457096
193.8243071169733
194.7815125362451
193.5352521894988
194.3462321673034
192.21187730186213
194.32707768626585
192.50496844993975
192.98091603635766
192.92381524143883
192.88270435514744
193.59395477736032
193.57344854249
194.14420496591845
194.59750259161896
194.528309502263
194.5761853391937
194.47651093948537
194.30871908983752
194.1860508736073
194.33495557287884
194.54621764955635
193.87262250294907
193.8173161636799
193.5173290457449
192.83774087500092
193.43596570202112
193.60816709733854
194.41985502119692
195.05266695734917
195.57521207232028
196.49998147322793
194.92026397525714
194.72010345170384
194.96822222123288
194.08882472967872
194.42730939510795
194.6774947129382
195.41879930710164
196.49959515241102
197.48238533254653
198.07254361495785
198.16955228963275
197.93690487835914
196.59243120852582
194.89604694220603
195.02741493312183
182.30164750075892
182.39332036042074
180.61010067030824
179.74311851268618
178.94101004948357
178.39695842361905
179.50077293273318
180.3984277798037
181.09294698075982
180.9973039016718
179.90679283415975
179.24009096803812
179.59083402422613
179.97022052548724
180.12450341224917
180.2380986105516
180.08708387714972
179.9129647471286
179.9481011361781
179.9844369276242
180.00031706358013
180.0292351315264
180.00625797219746
179.9844850476483
179.99795257702652
180.002785445683
179.9999999472542
180.00181878863796
180.0002548518051
179.99841092021214
180.00002758994705
180.00068123446243
179.9998791945794
179.99979519164413
180.0000673968335
180.00004045171673
179.99997928610665
179.99999605215697
180.0000036117433
179.99999988294607
179.99999972132
180.00000004846916
180.00000000000009
180.00000000000009
180.00000000000009
180.00000000000014
178.20827950807055
178.37767103968125
179.09130787759474
180.10712888680573
181.00464262489265
181.2498882592705
182.32973903032695
182.23519308162201
181.9759061532983
182.7922493771118
185.0739656890979
183.49793942770248
185.1659130902742
185.36834235473805
187.37059549880726
189.18643391776774
190.55113741202035
191.66111870926133
192.25234738902262
192.3103579199002
192.01622818263817
191.3708538322019
191.44419057166223
191.55069580245197
191.90556045565398
192.00402910741494
191.43404208936508
190.1215376034104
186.62044600981378
183.31009893230063
181.538806281757
184.56655697365608
183.08591868981082
182.77565553716695
184.80527959538443
186.87184046923923
184.89301573132983
183.2982037313272
180.57785995524947
180.2752888402644
181.44248948531498
179.21627668357917
175.73534449653147
178.47325286074323
176.6755558822073
177.4212072786816
175.51744017226844
175.81650034442953
174.1571565030322
173.94765189319617
173.84208764573668
174.59475563238874
175.76314427156044
176.16832021900143
177.9487772164427
178.8318322564099
179.73799564378893
180.38661841337384
180.74218943293414
180.60061577392975
180.05321453414538
179.64006120324592
179.62231914362312
179.78846350870265
180.03644511679965
180.21569036048422
180.14798642785817
180.019493032292
179.9523463778758
179.9190370720308
179.97120877412974
180.02841299474053
180.0177076647209
180.0057707032805
179.99998010229882
179.99011163025904
179.99785769956014
180.00515979701507
180.00063313889586
179.99906666825575
180.00003324377323
179.99941394061517
179.9999110097135
180.00051433900086
179.9999901473181
179.99978072407336
180.00003943485953
180.000065457865
179.99997833802217
179.9999871309405
180.00000660942777
180.00000125379412
179.9999988503763
180.00000003725853
180.00000008870438
179.99999998457224
180.00000000000009
180.00000000000009
180.00000000000009
180.00000000000014
164.4392012392069
167.02476760708703
164.42345759232703
164.3368874935308
163.32166843161758
162.76985593602572
162.83169807071056
163.2653940726784
163.75836889176134
163.88497116426973
163.31266882206702
162.33020962232092
161.24422807879972
160.34985024309756
159.9676369040903
159.93057581199588
160.1221188861299
160.61296566440504
161.30427724106272
162.18772647191804
163.145983548964
163.7318029824884
163.71919415568897
163.24630989858431
162.52049655466277
162.02124985174515
161.89116959509633
161.32492129660312
160.14129616540419
159.25424251541045
159.1043107382925
159.83832270606774
161.15863141701197
161.190834789985
159.95994741389532
161.4034919992176
164.25275669337094
158.50190047361892
163.19298547437367
161.54545519983049
161.67991990123951
161.32889300722397
160.83220752796913
160.5771406913111
161.08681727347653
163.00606069683354
165.86385752591215
166.95340293515957
165.5532858382602
164.83649615479177
165.64004552863565
165.6407524256499
165.53779881311868
168.85573595946
176.13251218118359
180.09978185324408
179.4901198332078
179.4597523188489
181.06774479594378
181.26719478200263
180.37051084181763
179.7161006168828
179.19361455152023
179.20983989528412
179.99968437444858
180.54271932409065
180.3808569152072
180.10857231315703
179.88310035685814
179.75286219002965
179.92916317967774
180.0891489746867
180.0417547252306
180.0103960956777
180.0017199190466
179.97558442116303
179.9939681245374
180.0129560958333
180.00175246365367
179.997745370337
180.00005159363576
179.9984243961919
179.99978359861672
180.00134936789695
179.9999692300436
179.9994280340031
180.0001037589853
180.00017025481853
179.9999435153399
179.99996657779107
180.00001718546864
180.00000325402314
179.99999701369288
180.0000000967841
180.00000023042182
179.9999999599242
180.00000000000009
180.00000000000009
180.00000000000009
180.00000000000014
