192.1
192.5
193.79
194.37
193.76
203.34
176.25
193.81
195.32
188.1
196.46
193.34
176.01
180.71
181.12
183.8
182.77
172.14
176.68
174.37
172.61
169.62
121.36
167.88
141.47
106.88
340.87
105.96
46.15
40.69
58.23
26.25
98.74
18.5
42.85
39.49
12.37
39
29.58
22.6
19.5
22.78
14.12
24.7
18.21
21.72
24.45
25.65
32.69
30.1
37.99
61.83
75.83
63.26
151.85
162.58
66.81
140.77
162.33
184.84
160.38
167.42
178.04
181.56
189.68
177.64
171.79
185.51
192.93
176.35
175.03
186.77
200.69
189.03
185.82
178.25
189.45
200.12
207.67
192.41
187.27
193.18
193.46
195.75
194.22
195.74
193.37
193.47
191.71
180
180
180
180
180
180
180
180
180
180
180

