161.8
161.3
160.11
160.46
161.11
160.96
161.4
160.84
159.35
152.42
154.6
155.54
153.62
148.77
162.05
154.41
157.3
162.81
159.96
160.77
162.43
155.28
137.93
141.18
145.72
152.05
150.89
145.44
156.56
151.12
149.37
152.71
152.47
151.49
152.57
148.01
152.07
150.19
147.79
147.26
148.66
148.56
148.56
146.28
144.71
151.19
150.49
149.92
148.26
152.68
152.75
145.8
153.02
150.73
150.01
144.81
143.97
147.83
151.57
153.28
148.22
151.11
154.53
148.19
148.72
139.78
144.62
146.58
153.25
153.53
152.78
155.22
157.66
157.37
157.85
157.96
155.9
155.64
156
157.29
158.41
157.51
157.85
157.92
157.98
156.91
156.39
152.22
180
180
180
180
180
180
180
180
180
180
180
180

