180.75
181.38
180.67
180.35
178.96
179.71
181.14
179.34
178.57
184.29
189.45
197.13
184.34
154.54
183.56
189.1
184.72
181.56
192.84
199.42
178.3
187.49
192.93
201.99
185.11
186.61
184.96
187.64
194.57
190.34
184.03
188.19
191.74
189.41
181.8
187.94
184.74
189.74
188.19
187.63
185.93
185.87
187.39
186.62
186.2
186.68
189.64
187.38
188.79
190.82
192.15
189.39
187.24
192.56
194.13
190.03
188.46
187.66
185.39
188.55
189.98
185.87
182.75
182.68
188.91
182.42
186.47
186.73
182.65
183.73
184.7
179.72
181.94
183.45
183.26
180.14
180.55
178.59
179.66
179.45
179.57
181.09
181.19
181.94
182.19
178.89
182.43
179.13
180
180
180
180
180
180
180
180
180
180
180
180

