155.04
155.96
155.77
155.95
156.48
156.68
155.55
155.14
155.25
155.8
154.92
156.46
156.23
157
156.09
155.32
155.9
157.1
155.13
155.6
156.2
157.1
156.48
157.35
156.64
158.27
156.18
157.66
155.05
157.03
160.68
155.73
159.46
159.16
157.2
156.62
158.14
156.49
157.91
160.28
157.19
155.54
158.37
157.52
156.79
154.61
162.69
160.72
161.23
158.23
159.97
160.24
155.52
161.76
158.32
156.4
159.99
155.99
156.86
157.27
161.26
156.66
153.76
155.3
159.88
150
153.32
163.52
157.75
155.55
154.99
154.83
157.26
157.41
154.71
155.18
155.29
157.18
153.44
152.95
155.36
156.54
155.08
156.07
154.26
153.25
152.98
152.86
154.72
157.02
157.21
156.16
158
160.96
158.33
159.88
162.96
160.26
167.56
168.31



















































































