167.03
166.38
167.64
166.95
166.59
167.22
165.43
163.57
164.23
164.19
162.91
163.38
163.59
164.12
165.32
166.55
166.05
164.8
163.86
165.09
165.77
166.42
167.05
167.95
168.19
164.28
163.48
164.28
162.41
165.94
166.57
168.16
165.99
165.87
164.88
163.43
167.14
164.52
162.6
167.8
163.73
167.93
167.09
164.69
165.83
166.7
165.31
166.27
166.18
166.08
165.69
166.13
165.33
165.8
165.58
165.91
165.93
165.65
165.83
166.19
166.27
166.27
165.72
165.73
165.37
166.32
166.03
166.39
166.11
164.9
166.75
180
180
180
180
180
180
180
180
180
180
180
180
180
180
180
180
180
180
180
180
180
180
180
180
180
180
180
180
180



































































