179.54
163.81
179.64
176.33
176.05
184.17
164.43
174.65
175.7
177.8
177.37
176.91
178.35
178.3
174.99
179.65
177.83
164.21
165.35
165.55
162.12
158.14
150.24
159.6
167.57
171.2
171.22
194.49
171.82
182.26
164.65
167.75
218.7
192.01
46.72
302.58
299.31
237.94
227.18
318.15
299.72
288.67
285.1
301.51
293.96
290.68
285.18
279.83
298.09
296.11
291.7
286.21
291.59
281.17
280.41
262.76
227.74
209.98
272.8
189.47
178.67
192.63
186.24
326.46
195.66
216.67
121.87
154.71
161.2
183.36
175.92
172.68
180
180
180
180
180
180
180
180
180
180
180
180
180
180
180
180
180
180
180
180
180
180
180
180
180
180
180
180



















