187.19
187.49
186.25
186.96
189.73
185.21
189.6
190.83
195.83
191.62
191.2
188.58
187.49
187.3
186.66
195.79
193.39
193.22
191.13
190.87
189.8
192.86
191.9
188.95
183.07
191.85
194.12
190.98
188.79
187.8
178.35
175.45
184.67
192.04
201.88
200.66
190.28
187.66
191.95
216.61
196.21
191.18
186.03
194.42
185.82
185.49
187.02
197.45
179.9
184.99
184.8
191.94
192.3
184.26
195.3
184.01
192.03
185.5
189.58
190.68
189.16
191.86
187.61
188.58
190.04
190.08
193.61
189.83
192.79
186.33
199.28
185.39
181.8
183.58
196.37
195.29
193.74
193.37
195.15
202.83
198.1
199.59
191.09
198.7
196.11
195.29
191.74
194.93
199.99
194.35
192.36
180
180
180
180
180
180
180
180
180
