162.39
165.57
162.32
166.23
165.59
162.76
169.64
168.17
174.22
172.95
172.43
173.58
169.57
168.81
167.47
171.67
171.37
171.09
171.49
172.08
172.58
173.09
174.72
175.71
169.19
167.66
173.71
168
168.45
164.48
154.69
151.14
156.73
163.64
182.99
166.79
163.87
158.4
160.4
182.35
164.84
160.1
155.9
156.33
155.26
149.06
155.21
171.32
167.72
151.48
161.2
164.61
167.86
158.33
164.15
156.07
165.22
164.08
159.62
161.1
161.71
164.95
160.73
163.32
164.85
173.48
160.29
160.27
160.49
160.96
166.23
155.62
153.94
155.52
160.74
166.62
169.85
162.16
167.95
180.88
170.53
164.32
160.99
168.61
167.2
161.65
165.82
165.61
175.89
167.48
167.37
180
180
180
180
180
180
180
180
180
