192.8
193.15
191.81
191
188.17
186.78
182.88
179.57
176.37
175.89
174.55
173.95
177.75
180.38
181.91
182.98
183.01
182.66
182.42
184.51
185.46
184.96
184.1
184.39
185.93
187
186.14
186.86
187.75
190.63
185.4
187.57
187.84
188.27
187.18
190.51
190.64
190.97
192.19
191.64
191.89
180
180
180
180
180
180
180
180
180
180
180
180
180
180
180
180
180
180
180
180
180
180
180
180
180
180
180
180
180
180
180
180
180
180
180
180
180
180
180
180
180
180
180
180
180
180
180
180
180
180
180
180
180
180
180
180
180
180
180