189.17
189.04
188.81
188.45
189.57
189.93
188.64
189.88
189.02
192.1
188.54
189.2
190.52
189.13
189.86
188.15
188
189.72
188.14
189.53
189.82
187.87
188.91
190.53
192.55
193.33
192.14
191.66
188.47
188.11
191.33
191.24
191.55
192.03
190.46
186.01
187.09
185.39
190.65
203.95
184.36
188.09
191.97
188.38
180
180
180
180
180
180
180
180
180
180
180
180
180
180
180
180
180
180
180
180
180
180
180
180
180
180
180
180
180
180
180
180
180
180
180
180
180
180
180
180
180
180
180
180
180
180
180
180
180
180
180
180
180
180
180
180