176.35
177.2
175.97
176.55
177.07
176.66
176.38
176.62
176.81
176.59
176.73
177.19
177.21
177.99
177.13
178.79
175.29
176.67
181.54
177.63
177.47
177.05
174.1
176.72
175.51
178.73
180.64
179.81
179.28
177.81
179.09
177.76
176.91
175.4
179.88
178.31
181
178.88
180.18
150.71
180.47
174.51
175.33
176.16
177.55
178.89
179.51
177
177.65
178.13
177.41
177.18
177.12
180
180
180
180
180
180
180
180
180
180
180
180
180
180
180
180
180
180
180
180
180
180
180
180
180
180
180
180
180
180
180
180
180
180
180
180
180
180
180
180
180
180
180
180
180
180
180