192.29
192.23
191.89
191.97
192.04
191.94
191.78
191.19
189.42
192.39
194.56
193.24
194.72
195.35
196.53
197.35
194.53
192.11
190.6
190.29
190.28
189.37
190.19
189.23
189.41
189.59
189.85
190.69
191.07
191.86
191.79
191.8
190.68
192.97
193.48
194.13
195.51
201.07
194.63
194
192.14
192.42
192.19
180
180
180
180
180
180
180
180
180
180
180
180
180
180
180
180
180
180
180
180
180
180
180
180
180
180
180
180
180
180
180
180
180
180
180
180
180
180
180
180
180
180
180
180
180
180
180
180
180
180
180
180
180
180
180
180
180