177.97
178.58
178.08
178.29
178.77
178.33
177.8
177.84
178.72
178.84
178.85
179.93
180.56
178.96
178.35
177.03
176.48
174.77
175.93
177.34
177
172.8
172.22
171.13
170.55
170.51
171.43
172.04
173.03
174.45
175.5
173.39
171.63
172.23
174.63
176.21
177.49
177.65
177.36
176.03
176.11
183.2
179.27
179.96
177.66
178.73
178.81
178.04
177.94
178.34
179.07
179.14
178.74
180
180
180
180
180
180
180
180
180
180
180
180
180
180
180
180
180
180
180
180
180
180
180
180
180
180
180
180
180
180
180
180
180
180
180
180
180
180
180
180
180
180
180
180
180
180
180