177
176.43
177.84
176.46
176.27
175.87
176.25
176.28
175.2
176.42
176.51
176.3
176.67
177.19
175.31
173.91
162.95
174.56
185.01
180.25
184.45
179.56
175.71
171.62
169.01
168.02
169.09
174.58
169.98
169.53
176.82
174.68
177.48
173.89
176.7
177.23
174.46
172.45
174.93
173.7
175.24
178.09
176.22
176.88
127.33
178.36
174.45
178.04
175.67
174.16
176.25
178.03
176.66
176.52
176.89
180
180
180
180
180
180
180
180
180
180
180
180
180
180
180
180
180
180
180
180
180
180
180
180
180
180
180
180
180
180
180
180
180
180
180
180
180
180
180
180
180
180
180
180
180