176.31
176.48
176.1
176.78
179.73
189.73
179
175.89
174.85
175.59
172.84
173.88
174.7
176.44
177.03
179.82
179.62
176.68
175.21
174.56
175.86
174.46
173.62
178.57
178.15
181
180.41
178.03
177.94
176.69
176.66
178.87
169.35
178.05
181.01
177.16
174.96
175.33
174.8
176.82
177.45
180
180
180
180
180
180
180
180
180
180
180
180
180
180
180
180
180
180
180
180
180
180
180
180
180
180
180
180
180
180
180
180
180
180
180
180
180
180
180
180
180
180
180
180
180
180
180
180
180
180
180
180
180
180
180
180
180
180
180