198.44
197.97
198.53
199.06
198.4
198.62
198.69
198.49
198.78
198.07
198.93
197.54
198.37
195.63
199.24
200.07
202.68
202.5
200.99
196.15
200.49
201.71
201.88
206.81
204.15
202.21
200.17
200.49
201.01
200.14
199.7
200.36
203.66
201.75
201.47
200.55
201.79
199.05
199.23
198.79
197.62
194.52
203.58
196.34
198.93
196.79
196.58
199.05
198
198.2
197.6
198.19
197.94
180
180
180
180
180
180
180
180
180
180
180
180
180
180
180
180
180
180
180
180
180
180
180
180
180
180
180
180
180
180
180
180
180
180
180
180
180
180
180
180
180
180
180
180
180
180
180