184.15
186.73
185.32
184.03
192.8
197.22
198.75
201.74
194.62
202.24
183.45
210.86
191
216.22
228.95
215.65
225.63
224.5
226.53
219.03
228.58
232.4
216.75
239.18
236.08
237.41
238.94
240.2
238.98
238.61
239.1
235.56
237.45
221.45
222.17
209.97
195.14
132.92
191.53
198.59
183.8
181.77
172.04
176.88
179.77
176.55
189.66
181.25
186.61
184.39
185.22
185.13
188.18
180
180
180
180
180
180
180
180
180
180
180
180
180
180
180
180
180
180
180
180
180
180
180
180
180
180
180
180
180
180
180
180
180
180
180
180
180
180
180
180
180
180
180
180
180
180
180