136.06
132.96
127.81
130.64
132.95
132.42
135.09
130.38
136.76
133.19
146.88
120.34
132.6
133.96
145.13
111.12
146.21
145.97
147
148.35
137.08
136.03
121.89
130.53
132.29
138.94
131.61
130.38
127.36
142.77
154.94
135.85
132.72
136.74
144.49
158.29
142.82
126.59
131.12
116.37
133.33
140.96
139.67
132.38
129.53
132.28
140.31
129.96
130.8
125.27
146.52
151.76
137.06
140.48
139.12
136.26
135.64
134.71
140.29
137.38
180
180
180
180
180
180
180
180
180
180
180
180
180
180
180
180
180
180
180
180
180
180
180
180
180
180
180
180
180
180
180
180
180
180
180
180
180
180
180
180