140.06
146.84
137.68
138.84
136.9
129.93
128.79
127.44
127.38
136.74
140.71
127.87
143.25
120.43
127.51
115.59
119.81
139.08
118.49
132.28
136.13
139.47
133.39
128.44
133.42
127.43
127.37
136.04
134.36
139.26
140.81
140.98
139.63
134.34
139.04
126.23
136.16
158.87
138.71
132.07
125.22
128.41
128.17
139.23
135.75
132.83
140.02
122.51
139
134.54
133.95
136.85
145.52
145.14
143.74
135.04
137.17
138.66
143.31
129.82
180
180
180
180
180
180
180
180
180
180
180
180
180
180
180
180
180
180
180
180
180
180
180
180
180
180
180
180
180
180
180
180
180
180
180
180
180
180
180
180