205.98
205.43
200.81
200.5
202.43
202.38
202.17
203.12
202.06
202.75
204.3
204.75
206
205.99
216.98
218.04
227.36
228.32
227.01
234.71
240.38
247.11
237.51
257.45
234.17
247.72
256.46
259.49
249.91
253.1
239.8
249.4
239.47
229.61
241.01
236.64
234.12
241.05
250.65
252.07
255.1
249.04
256.62
249.55
242.97
239
234.76
217.67
221.97
215.97
212.46
208.71
207.62
203.17
197.46
194.14
195.47
194.87
195.52
195.7
195.61
196.46
180
180
180
180
180
180
180
180
180
180
180
180
180
180
180
180
180
180
180
180
180
180
180
180
180
180
180
180
180
180
180
180
180
180
180
180
180
180