167.12
163.53
162.23
168.39
162.56
153.85
167.21
156.45
142.12
145.96
153
119.04
107.65
121.85
102.97
35.09
125.72
83.3
48.21
84.07
139.87
65.54
45.56
47.85
58.69
53.01
42.73
55.54
50.75
52.49
45.02
45.92
48.17
48.42
49.97
51.41
53.14
66.74
67.44
84.04
24.01
45.14
54.24
92.65
139.35
134.76
123.73
133.53
141.55
145.69
174.31
169.92
149.75
163.52
169.53
155.26
161.85
166.49
168.86
180
180
180
180
180
180
180
180
180
180
180
180
180
180
180
180
180
180
180
180
180
180
180
180
180
180
180
180
180
180
180
180
180
180
180
180
180
180
180
180
180