196.7
192.5
199.57
200.42
203.4
201.39
197.19
201.33
202.76
201.68
205.13
215.52
202.76
200.21
200.92
206.09
204.41
206.65
200.8
205.19
215.51
206.43
214.73
219.73
205.77
201.58
206.09
205.78
211.46
199.99
204.64
205.48
204.27
205.49
204.07
204.67
207.04
205.69
206.06
199.23
214.16
196.85
199.58
208.83
209.22
210.41
212.67
210.13
203.39
203.52
200.51
203.32
202
209.57
206.13
207.08
207.04
202.57
202.38
201.25
203.95
203.35
180
180
180
180
180
180
180
180
180
180
180
180
180
180
180
180
180
180
180
180
180
180
180
180
180
180
180
180
180
180
180
180
180
180
180
180
180
180