210.47
209.35
210.75
210.85
210.07
210.63
211.34
210.04
205.65
205.54
205.66
208
213.29
204.62
208.24
220.28
212.17
219.15
209.58
214.14
228.33
223.72
216.62
210.21
205.1
204.86
200.25
217.9
205.05
207.23
198.49
221.56
215.74
220.64
219.38
215.26
216.18
217.81
214.81
214.16
205.65
207.78
214.86
214.31
215.83
180
180
180
180
180
180
180
180
180
180
180
180
180
180
180
180
180
180
180
180
180
180
180
180
180
180
180
180
180
180
180
180
180
180
180
180
180
180
180
180
180
180
180
180
180
180
180
180
180
180
180
180
180
180
180