226.76
228.48
229.37
229.21
226.58
226.09
223.06
223.37
220.92
223.63
224.41
223.53
223.32
221.36
221.94
220.36
220.29
221.18
224.52
227.45
224.68
223.28
225.49
232.4
232.1
225.03
225.57
224.52
227.72
222.59
229.39
220.34
215.47
223.06
228.62
239.94
235.13
234.14
234.95
237.78
230.44
220.73
233.64
236.58
224.47
217.19
215.91
222.45
225.35
226.1
223
224.68
229.92
228.58
180
180
180
180
180
180
180
180
180
180
180
180
180
180
180
180
180
180
180
180
180
180
180
180
180
180
180
180
180
180
180
180
180
180
180
180
180
180
180
180
180
180
180
180
180
180