254.26
253.6
251.55
249.38
244.4
239.03
239.11
237.73
237.89
238.34
235.65
235.42
236.56
236.13
232.61
235.16
230.87
226.57
227.82
243.9
250.06
247.68
256.45
236.8
258.97
258.14
260.34
261.94
262.19
262.41
243.5
240.63
249.36
257.82
259.12
257.49
261
292.18
282.75
264.51
242.44
269.11
268.07
261.82
266.51
268.44
268.15
180
180
180
180
180
180
180
180
180
180
180
180
180
180
180
180
180
180
180
180
180
180
180
180
180
180
180
180
180
180
180
180
180
180
180
180
180
180
180
180
180
180
180
180
180
180
180
180
180
180
180
180
180