252.61
253.03
251.92
247.75
245.37
248.19
248.42
240.46
239.91
234.36
236
237.37
237.3
238.31
243.32
225.97
258.28
259.47
259.43
229.21
260.44
260.02
264.56
272.11
263.94
254.73
245.69
268.97
269.4
268.76
263.18
256.91
297.81
275.37
264.68
263.37
279.85
271.68
273.36
274.47
180
180
180
180
180
180
180
180
180
180
180
180
180
180
180
180
180
180
180
180
180
180
180
180
180
180
180
180
180
180
180
180
180
180
180
180
180
180
180
180
180
180
180
180
180
180
180
180
180
180
180
180
180
180
180
180
180
180
180
180