266.02
258.1
255.15
249.82
251.95
252.68
250.82
244.87
245
244.56
237.69
243.97
246.33
258
273.17
246.69
279.45
252.84
246.27
269.97
253.84
276.35
282.31
265.88
263.35
255.01
270.64
269.03
263.6
281.58
283.05
255.84
254.09
280.06
265.38
267.45
274.23
276.09
180
180
180
180
180
180
180
180
180
180
180
180
180
180
180
180
180
180
180
180
180
180
180
180
180
180
180
180
180
180
180
180
180
180
180
180
180
180
180
180
180
180
180
180
180
180
180
180
180
180
180
180
180
180
180
180
180
180
180
180
180
180