198.21
201.03
199.28
200.43
201.93
200.92
205.03
199.13
204.49
205.73
203.16
204.32
204.17
203.78
210.43
202.73
203.39
202.49
199
201.42
201.64
199.93
196.64
203.08
193.91
199.57
204.89
203.11
201.52
207.76
207.96
202.31
202.99
209.29
205.88
204.69
203.94
198.27
197.83
193.7
201.83
180
180
180
180
180
180
180
180
180
180
180
180
180
180
180
180
180
180
180
180
180
180
180
180
180
180
180
180
180
180
180
180
180
180
180
180
180
180
180
180
180
180
180
180
180
180
180
180
180
180
180
180
180
180
180
180
180
180
180