199.53
201.06
202.28
202.17
201.78
198.95
199
200.16
203.31
201.73
202.34
202.64
202.97
203.14
207.9
202.04
198.57
202.46
199.89
198.87
200.03
202.32
199.69
199.72
199.22
202.46
197.66
201.24
197.4
202.51
206
208.2
201.28
202.11
204.51
202.49
202.64
202.99
199.57
197.51
180
180
180
180
180
180
180
180
180
180
180
180
180
180
180
180
180
180
180
180
180
180
180
180
180
180
180
180
180
180
180
180
180
180
180
180
180
180
180
180
180
180
180
180
180
180
180
180
180
180
180
180
180
180
180
180
180
180
180
180