247.53
248.5
248.65
247.86
248.18
248.11
248.46
248.78
249.18
247.95
248.51
247.84
246.37
245.75
263.66
237.51
239.44
250.94
246.96
250.87
236.84
246.56
251.72
256.84
252.36
257.81
239.06
263.16
258.44
254.63
248.04
245.33
246.46
253.02
249.25
228.97
251.91
249.67
258.6
246.64
249.38
256.68
258.45
258.01
253.85
251.71
248.07
255.87
247.11
256.17
252.46
248.9
246
246.26
261.48
253.48
250.07
248.77
249.09
180
180
180
180
180
180
180
180
180
180
180
180
180
180
180
180
180
180
180
180
180
180
180
180
180
180
180
180
180
180
180
180
180
180
180
180
180
180
180
180
180