283.25
270.15
266.23
264.77
268.54
263.65
262.83
259.3
258.39
258.74
256.54
255.15
254.11
253.64
259.83
246.23
274.47
257.7
258.71
298.77
276.22
272.86
293.7
268.02
270.53
299.35
278.17
284.5
283.88
283.46
288.57
291.67
282.72
302.43
284
266.68
298.58
284.47
180
180
180
180
180
180
180
180
180
180
180
180
180
180
180
180
180
180
180
180
180
180
180
180
180
180
180
180
180
180
180
180
180
180
180
180
180
180
180
180
180
180
180
180
180
180
180
180
180
180
180
180
180
180
180
180
180
180
180
180
180
180