207.26
208.41
208.49
208.91
206.04
206.75
204.79
206.12
206.45
207.52
207.07
206.92
199.51
198.23
204.06
196.31
196.74
207.25
212.31
206.77
206.3
206.22
209.06
205.84
209.85
210.98
207.82
207.9
205.36
203.19
204.16
200
202.62
205.91
204.83
207.98
214.22
211.58
213.15
213.48
208.59
204.41
206.68
208.11
207.03
180
180
180
180
180
180
180
180
180
180
180
180
180
180
180
180
180
180
180
180
180
180
180
180
180
180
180
180
180
180
180
180
180
180
180
180
180
180
180
180
180
180
180
180
180
180
180
180
180
180
180
180
180
180
180