189.54
189.7
189.32
189.89
190.51
190.56
191.3
191.62
191.89
191.31
192.23
191.12
193.14
192.27
193.23
191.89
190.03
191.28
191.11
190.71
188.31
189.87
191.53
188.95
189.33
194.83
191.93
191.45
197.59
196.42
193.03
196.78
197.53
192.2
185.24
189.77
190.68
189.71
188.58
190.12
192.46
192.76
193.88
196.9
192.27
185.66
184.99
187.02
187.1
189
188.75
188.08
180
180
180
180
180
180
180
180
180
180
180
180
180
180
180
180
180
180
180
180
180
180
180
180
180
180
180
180
180
180
180
180
180
180
180
180
180
180
180
180
180
180
180
180
180
180
180
180