213.69
216.39
216.26
216.43
215.74
216.59
216.48
216.77
218.07
215.4
217.12
215.29
214.31
214.07
213.22
211.54
219.41
214.64
215.72
210
207.24
220.38
217.8
220.01
220.91
226.88
220.57
217.58
221.67
220.67
203.35
216.87
213.09
216.07
218.88
216.19
220.07
214.61
218.66
214.13
215.46
227.85
231.68
229.41
223.63
219.32
218.18
225.48
223.67
228.1
223.12
217.88
222.21
216.09
222.74
216.78
220.64
218.42
218.22
180
180
180
180
180
180
180
180
180
180
180
180
180
180
180
180
180
180
180
180
180
180
180
180
180
180
180
180
180
180
180
180
180
180
180
180
180
180
180
180
180