215.19
211.15
212.95
215.66
220.24
218.07
215.76
220.12
217.8
219.49
225.07
228.15
226.39
223.74
221.22
221.62
219.01
218.94
214
212.88
212.51
211.83
214.72
205.75
208.8
226.59
233.49
234.56
230.48
224.27
226.44
223.54
218.06
223.45
214.94
212.56
205.84
208.47
217.85
216.09
218.47
225.99
180
180
180
180
180
180
180
180
180
180
180
180
180
180
180
180
180
180
180
180
180
180
180
180
180
180
180
180
180
180
180
180
180
180
180
180
180
180
180
180
180
180
180
180
180
180
180
180
180
180
180
180
180
180
180
180
180
180