211.57
218.1
213.26
220.71
222.02
221.45
218.27
217.33
218.22
219.09
223
224.22
225.3
231.75
226.72
224.92
222.42
216.62
212.52
208.93
216.63
216.73
216.08
219.32
213.92
219
215.84
226.83
227.1
240.53
222.87
226.13
223.57
221.58
218.86
219.2
213.03
212.17
216.18
216.69
219.47
218.27
216.89
219.35
218.62
180
180
180
180
180
180
180
180
180
180
180
180
180
180
180
180
180
180
180
180
180
180
180
180
180
180
180
180
180
180
180
180
180
180
180
180
180
180
180
180
180
180
180
180
180
180
180
180
180
180
180
180
180
180
180