155.23
155.32
156.18
155.96
155.98
155.89
156.18
155.35
155.64
156.21
155.85
155.03
155.42
156.02
155.58
156.39
156.62
154.75
153.81
153.87
150.98
158.42
154.39
154.36
151.41
155.83
157.85
158.44
159.34
159.69
156.55
155.4
158.02
160.02
159.67
160.49
158.32
152.81
157.04
158.51
157.78
156.57
154.46
154.31
155.28
162
158.98
159.51
162.97
161.28
160.75
158.45
158.79
158.74
157.91
158.39
158.56
159.94
159.51
159.81
157.75
157.24
157.3
180
180
180
180
180
180
180
180
180
180
180
180
180
180
180
180
180
180
180
180
180
180
180
180
180
180
180
180
180
180
180
180
180
180
180
180
180