155.15
151.19
151.63
154.23
151.11
146.63
143.33
141.32
142.96
143.4
145.37
145.57
145.16
143.97
140.16
138.56
137.12
125.2
141.5
151.02
156.91
149
147.33
149.16
149.36
151.53
152.32
153.91
150.03
139.81
136.81
140.01
145.16
146.23
142.47
133.07
138.4
156.18
150.96
140.83
148.15
150.76
145.23
143.75
141.11
140.12
139.7
141.44
145.36
148.86
180
180
180
180
180
180
180
180
180
180
180
180
180
180
180
180
180
180
180
180
180
180
180
180
180
180
180
180
180
180
180
180
180
180
180
180
180
180
180
180
180
180
180
180
180
180
180
180
180
180