142.88
145.96
142.93
138.76
138.9
139.48
140.61
142.48
140.92
141.17
138.45
138.54
141.11
141.72
140.35
136.71
134.58
132.97
134.6
132.26
139.67
136.13
143.42
139.42
143.53
147.58
152
144
139.07
141.34
136.79
131.79
133.33
133.48
132.11
122.73
150.77
138.89
142
141.59
137.19
136.27
180
180
180
180
180
180
180
180
180
180
180
180
180
180
180
180
180
180
180
180
180
180
180
180
180
180
180
180
180
180
180
180
180
180
180
180
180
180
180
180
180
180
180
180
180
180
180
180
180
180
180
180
180
180
180
180
180
180