162.76
162.84
161.77
162.13
162.91
161.19
159.96
162.1
161.1
160.62
159.88
147.32
148.79
159.57
150.33
148.1
153.42
156.34
164.51
150.05
153.9
144.74
155.61
157.7
146.81
179.52
156.16
168.43
166.91
143.37
149.81
157.58
142.48
154.82
154.99
147.05
146.28
149.56
148.31
150.8
151.59
151.07
148.98
149.85
149.53
151.3
157.54
164.07
165.29
144.44
179.04
155.95
153.55
156.3
137.99
147.32
152.17
156.66
161.07
158
154.88
155.51
157.17
156.45
159.25
157.19
161.05
161.52
158.16
163.71
157.92
162
160.97
161.32
162.09
162.92
160.31
156.58
159.05
155.79
156.33
180
180
180
180
180
180
180
180
180
180
180
180
180
180
180
180
180
180
180

