161.54
163.44
165.18
163.74
163.42
166.27
162.45
162.96
162.92
157.98
161.92
156.86
159.99
163.58
158.64
153.3
157.13
161.42
158.45
160.78
161.89
176.68
151.34
159.62
140.89
163.7
164.06
167.13
169.96
168.27
168.28
140.83
180.37
175.15
152.07
11.88
358.72
314.91
72.24
35.42
24.01
20.71
355.82
6.27
358.57
2.37
152.53
296.92
95.48
132.43
152.04
116.58
5.86
158.67
153.66
148.29
156.89
159.58
160.39
160.55
155.64
154.33
165.68
170.7
170.91
148.75
154.37
156.76
159.75
148.63
156.26
156.28
180
180
180
180
180
180
180
180
180
180
180
180
180
180
180
180
180
180
180
180
180
180
180
180
180
180
180
180

