172.99
171.61
171.68
172.18
171.21
172.65
171.49
171.7
173.72
175.2
173.02
173.19
175.26
171.63
169.99
164.79
173.12
164.14
164
164.72
164.49
159.43
161.21
159.3
170.65
175.15
169.83
167.6
162.41
165.64
164.95
156.48
160.15
164.34
161.55
158.67
156.26
162.56
170.93
161.94
165.28
172.84
164.35
164.64
167.03
172.29
167.88
155.62
155.28
160.98
163.66
155.02
150.37
157.89
166.9
173.8
168
155
155.39
162.4
166.06
157.43
159.18
166.38
166.47
165.78
169.5
169.98
165.56
168.69
173.64
178.44
180
180
180
180
180
180
180
180
180
180
180
180
180
180
180
180
180
180
180
180
180
180
180
180
180
180
180
180

