182.7
184.73
184.07
184.08
184.04
184.33
184.62
184.45
184.26
186.83
181.19
182.07
184.85
188.82
188.42
182.01
187.91
191.9
193.21
189.88
186.33
192.81
194.08
192.53
187.36
190.53
191.15
189.86
199.09
192.8
196.18
198.82
198.36
203.53
200.7
207.43
222.23
199.11
193.88
197.47
196.62
197.75
195.81
197.86
200.07
202.93
201.61
197.15
201.26
201.13
197.7
199.22
199.48
200.49
194.93
186.7
188.85
189.54
197.27
192.95
187.57
194.49
196.26
197.34
190.64
187.55
183.82
185.34
187.65
179.39
185.96
181.02
180
180
180
180
180
180
180
180
180
180
180
180
180
180
180
180
180
180
180
180
180
180
180
180
180
180
180
180

