177.29
177.11
177.98
174.42
175.07
180.7
172.86
170.73
171.85
172.47
164.18
166.73
165.67
169.3
171.73
160.43
148.72
150.04
144.26
141.46
158.02
136.63
126.37
102.37
36.18
130.57
110.9
58.4
40.25
72.97
45.36
50.26
43.02
38.35
35.22
33.6
30.9
39.82
30.08
34.58
31.54
29.77
27.06
34.61
30.7
24.9
24.55
22.59
26.04
41.1
35.39
83.32
86.15
159.34
144.1
98.46
5.04
113.02
165.84
185.32
150.86
147.96
173.98
190.65
184.56
171.2
160.71
172.19
185.08
175.15
176.61
176.87
180.28
176.18
171.06
181.07
180.09
178.28
180
180
180
180
180
180
180
180
180
180
180
180
180
180
180
180
180
180
180
180
180
180

