187.19
187.58
187.33
187.9
186.52
187.55
186.79
188.08
187.53
188.03
187.65
187.1
187.5
187.02
187.85
190.05
188.55
186.59
184.46
189.26
188.54
189.11
186.01
178
185.84
192.29
192.47
190.86
189.26
187.22
191.29
191.21
192.57
188.29
187.15
190.09
192.66
193.09
189.96
191.07
189.87
191.19
191.73
191.8
194.05
191.63
193.05
193.06
193.07
193.79
190.8
191.6
191.91
191.33
191.66
189.49
186.62
190.7
186.5
190.27
187.44
185.14
189.59
188.05
186.14
188.15
188.67
188.37
190.3
189.26
188.64
188.11
186.94
180
180
180
180
180
180
180
180
180
180
180
180
180
180
180
180
180
180
180
180
180
180
180
180
180
180
180



















































































