178.79
178.67
179.11
179.11
178.66
178.01
177.66
178.33
179.01
179.47
178.94
178.78
178.09
178.06
179.47
180.71
179.74
177.66
174.49
178.13
179.55
178.1
177.76
174.99
170.94
179.46
178.81
180.75
181.27
177.68
179.67
180.64
179.74
179.74
179.02
180.68
181.3
178.25
181.64
180.05
180.31
176.59
180.05
180.79
180.94
183.43
180.9
182.66
179.99
181.28
181.75
180.52
180.2
180.46
180.74
180.57
177.26
177.05
179.74
176.57
178.11
176.36
177.91
177.59
176.56
177.52
179.12
176.58
177.15
177.99
177.26
178.24
177.95
180
180
180
180
180
180
180
180
180
180
180
180
180
180
180
180
180
180
180
180
180
180
180
180
180
180
180



















































































