162.65
162.11
162.95
162.64
161.72
161.88
161.67
162.41
162.88
162.98
163.05
162.54
162.42
161.99
162.5
163.31
162.3
160.28
158.6
163.2
163.53
162.73
161.87
155.71
156.61
165.69
164.2
163.91
164.53
161
164.46
164.62
165.46
162.24
160.24
163.66
166.64
162.29
162.08
163.97
163.08
163.99
164.06
163.27
164
167.94
164.35
168.04
162.09
164.92
164.21
163.02
163.45
163.87
164.87
164.67
160.19
161.54
164.12
161.86
160.17
156.87
161.13
161.24
159.16
160.94
163.18
159.14
160.73
160.92
160.49
162.02
161.74
180
180
180
180
180
180
180
180
180
180
180
180
180
180
180
180
180
180
180
180
180
180
180
180
180
180
180



















































































