157.05
158.27
158.74
158.89
159.38
158.96
158.32
158.15
158.57
158.12
158.52
158.35
159.27
159.42
159.05
159.13
159.17
158.69
159.04
159.41
159.22
159.82
159.08
158.9
159.36
159.09
159.38
160.44
160.21
159.47
161.66
159.81
159.42
160.11
160.92
159.42
162.27
161.29
161.42
161.87
161.18
161.88
160.28
161.96
162.39
163.14
163.36
162.16
164.95
162.11
161.94
163.55
163.64
163.04
166.08
163.68
159.8
158.03
159.62
164.17
162.05
164.21
161.14
157.7
156.15
157.34
156.54
156.44
156.31
157.27
159.5
157.92
157.98
157.94
158.22
157.78
156.2
157.05
180
180
180
180
180
180
180
180
180
180
180
180
180
180
180
180
180
180
180
180
180
180



















































































