196.11
195.11
192.87
197.16
196.52
195.84
195.14
195.39
195.71
195.26
196.51
196.07
197.7
200.99
200.15
199.94
199.86
201.68
202.28
207.1
207.71
211.64
211.63
229.73
220.41
240.71
237.36
236.96
240.81
240.93
259.48
257.64
260.77
265.45
268.27
266.67
249.88
259.64
253.24
257.24
261.68
233.13
237.4
249.06
241.67
223.24
248.98
247.65
245.65
223.33
223.92
236.48
242.47
231.52
240.1
242.75
232.92
227.7
235.2
249.18
261.15
235.86
244.98
257.82
265.88
265.26
266.35
259.31
257.86
252.22
233.48
236.04
240.09
232.71
228
228.4
220.68
209.1
224.02
217.06
219.26
216.74
208.63
206.03
206.63
200.61
203.02
197.56
199.85
196.46
199.52
197.6
197.34
180
180
180
180
180
180
180




















