194.17
195.17
193.43
193.74
193
193.12
192.98
193.06
193.3
193.94
193.33
193.75
195.55
197.16
197.67
198.43
198.38
202.22
202.93
212.17
212.06
221.35
224.93
234.22
233.04
242.92
253.23
250.73
251.49
254.08
246.21
248.16
250.26
232.81
241
239.47
227.31
227.09
219.11
227.79
236.21
211
214.5
223.04
216.17
208.05
219.84
223.17
216.69
212.34
214.08
217.34
220.51
210.15
215.64
217.66
209.49
210.26
216.25
228.95
234.54
219.8
225.28
234.92
246.32
249.71
249.91
250.54
247.97
247.19
246.09
242.09
242.58
231.25
234.74
234.35
227.96
233.96
226.3
222.17
221.5
212.37
212.52
208.54
208.23
199.32
199.12
197.79
195.25
196.66
194.94
193.22
193.37
180
180
180
180
180
180
180




















