156.45
159.34
156.07
157.08
158.95
159.21
160.24
160.95
160.09
158.94
155.23
157.34
155.26
158.45
160.16
157.86
156.94
156.35
142.4
142.01
161.88
140.04
39.66
162.27
155.03
136.18
137.09
124.72
128.51
97.2
41.66
64.93
60.45
28.81
45.56
49.56
30.19
31.55
27
38.91
41.16
19.95
30.72
34.68
25.08
20.21
27.34
29.07
23.46
23.98
26.69
28.93
27.08
25.45
27.11
24.88
20.32
24.78
23.97
30.09
31.5
21
31.59
34.7
41.66
49.83
56.42
66.67
77.91
71.6
145.71
128.42
111.11
124.44
124.91
149.1
156.58
147.24
157.33
164.45
144.07
141.23
154.27
159.92
156.91
160.05
151.46
158.3
166.5
158.12
159.3
155.57
161.72
180
180
180
180
180
180
180




















