167.52
169.26
168.77
169.71
168.87
167.9
168.08
166.06
167.67
166.45
167.63
168.33
169.81
170.24
167.98
169.68
175.89
181.09
176.49
176.21
175.46
174.28
180.2
180.03
174.56
175.29
175.62
176.38
166.28
172
165.21
177.48
171.96
181.32
184.49
176.21
182.53
184.43
184.45
186.33
188.08
184.42
181.44
188.05
186.97
183.86
184.66
187.08
188.17
186.63
187.05
188.71
188.93
181.96
178.15
183.21
182.76
182.73
182.63
175
171.96
165.69
167.23
165.19
161.95
163.55
155.73
167.63
153.45
150.27
164.76
166.37
152.25
153.37
165.17
160.01
162.5
166.98
167.04
167.23
167.52
165.96
164.44
166.82
165.88
166.31
165
165.17
165.12
168.52
169.68
180
180
180
180
180
180
180
180
180
