176.65
179.71
178.29
178.51
178.42
177.54
178.55
175.54
177.23
176.47
176.45
174.71
178.66
174.34
176.24
174.99
173.62
178.86
175.37
178.41
174.96
168.82
175.22
164.23
165.04
162.37
166.13
165.92
163.75
158.52
159.51
166.23
173.48
173.32
175.71
170.25
176.56
177.54
177.92
182.1
184.77
178.06
175.5
181.79
182.92
178.46
178.45
184.61
182.44
179.81
181.77
182.42
179.93
181.62
174.72
177.01
179.19
177.76
184.15
168.81
170.53
158.02
164.61
164.1
165.27
162.35
162.65
172.12
168.79
167.92
170.46
168.78
166.02
168.88
173.3
172.58
173.12
173.96
172.77
177.01
177.56
174.69
175.72
176.76
175.94
175.78
177.27
175.48
171.61
168.28
177.1
180
180
180
180
180
180
180
180
180
