179.36
179.4
179.29
179.38
179.76
178.89
179.05
179.67
179.75
179.28
179.64
180.45
178.78
179.86
179.47
179.1
178.82
179.61
179.39
180.69
180.89
181.46
178.7
179.84
180.39
181.65
183.14
180.02
181.47
182.14
181.23
182.45
180.92
181.01
180.47
181.91
182.97
184.45
182.68
182.18
181.56
181.5
181.3
181.54
181.25
180.94
179.88
178.52
179.48
183.58
182.3
178.04
177.68
183.33
180.97
176.03
182.97
178.07
189.82
184.13
186.53
181.15
185.11
186.11
180.94
177.19
180.32
178.06
179.48
175.32
177.13
178.76
176.42
175.44
178.76
173.44
177.4
176.91
179.34
177.34
178.16
179.46
178.22
177.62
180
180
180
180
180
180
180
180
180
180
180
180
180
180
180
180



































































