168.84
168.83
168.42
166.35
167.19
171.32
167.25
168.19
168.96
166.41
171.53
172.2
170.93
157.24
150.93
144.96
136.6
155.52
156.88
151.25
144.95
149.98
148.85
144.46
66.74
126.78
81.56
87.92
59.57
65.46
51.63
41.46
47.49
43.48
38.32
36.84
45.94
41.62
31.23
38.15
42.22
31.44
42.79
39.95
33.74
38.03
34.87
43.46
35.05
32.33
36.74
38.62
35.07
31.09
36.82
36.38
35.41
33.34
36.96
35.58
44.4
48.06
50.93
38.49
40.69
42.53
59.39
25.26
100.75
113.28
117.1
136.8
191.45
153.65
158.61
147.78
170.45
173.77
165.3
167.48
174.23
168.99
166.28
165.12
180
180
180
180
180
180
180
180
180
180
180
180
180
180
180
180

