192.5359614263792
192.70636151802714
191.41159809151506
189.47667552364
187.73496060204266
186.7735728198194
186.14797694096774
182.41054748900493
175.23073559651093
170.5232641235607
167.71277008768143
155.91909038509715
156.58408623850386
171.12720506431128
186.93047874995736
119.92364476952794
148.40171946359175
137.5999310980461
72.80254755737793
100.90999831668653
52.948150439564934
50.37239140378007
36.87503467110021
33.73062593947541
37.82781054396954
39.842767067518096
36.38307666550255
32.24989179529418
29.553962256899283
30.298461494952832
37.237441507823405
47.40489034932397
58.060701108411855
68.22160970200942
78.97329751091125
99.35560577001398
129.47479668561402
150.9296559282682
157.31693920443553
160.7979854384872
165.2678895882307
170.69797698912916
168.54650359199422
172.81391959110877
176.4991220068032
175.53964776629692
180.0644374528263
182.38172292855737
187.06698149301883
190.9282021723943
193.14680592268243
193.9589586485867
193.30481909971158
192.00820000269306
190.75956108878805
188.83592026067265
186.22468939732278
183.75902696928685
181.71359344332728
180.33443429614795
179.80107466319066
179.59942027162447
179.42624773460113
179.5431400686744
179.88211224495066
180.18891739380157
180.39608908213597
180.34682649576936
180.02154137667594
179.7766427763377
179.79036846570548
179.90011045333026
180.0437591076557
180.13224913885776
180.05935902046699
179.9789348574787
179.97364504779327
179.97397158952512
179.99413618873837
180.01730619193927
180.00508310768478
179.9953081825583
179.99992176574295
179.99952550918545
179.99947447374586
180.00132061869218
180.0000518764647
179.9992636349724
180.0001048008986
180.00023796235894
179.99993184102433
179.99994661280058
180.0000225052173
180.0000084047688
179.9999949399474
179.999999262482
180.00000077376384
179.99999997492299
179.9999999402969
180.00000001038396
191.69430654620902
192.17546110224245
196.59649231504594
202.56030538590525
208.61945346351445
213.19494455410435
215.1228219729902
216.71075308767715
220.30854787119642
227.62170832061156
238.14022631963746
244.7810610774667
243.61322066863465
238.16892605519763
261.93388659544195
254.463393744092
257.72720926154096
259.25475201819864
238.64256834499872
256.29629947120674
249.60491053998246
251.31559427480215
240.25773610044592
246.44222785060873
240.2685055916631
242.57754702878745
240.27558011423974
240.98065966157154
241.22188158192085
242.88051914217806
245.1307561155137
248.01399274827892
250.91642065405938
253.29479881382403
254.8379471930589
255.974520512379
256.4651090634089
254.77097023868419
250.5535570085443
245.22367549168158
239.31809985875472
232.47529167118134
224.9013473276245
220.40894961650736
211.6709982686112
205.41331547607678
199.13703561300463
194.4070374413703
190.96919713030712
186.33309038711377
181.9642484749246
186.48557728381562
181.87140413979728
183.57864458991153
183.4990308242557
183.5174656814274
183.31587328933844
182.85227325121298
182.1511165560191
181.16284734690979
180.04082684025548
179.25071365228376
179.05344126803658
179.36455824044975
180.00341046555442
180.4800892179256
180.45259746378682
180.20643127285726
179.93039491657444
179.74809662455925
179.84496064616494
179.9983508242085
180.050092368048
180.07495797093114
180.03226733031119
179.97546231869876
179.98256767689037
179.99365127610707
179.9975660548509
180.0074993523415
180.00302159865936
179.9970357871645
179.9996756559802
180.0002003083716
179.99977386308757
180.00055842223586
180.00005887330266
179.9996265160079
180.0000364534468
180.0001335848958
179.9999669204545
179.99996666874225
180.00001280923183
180.00000576329964
179.99999676355242
179.99999946874524
180.00000052338243
179.99999998303767
179.9999999596162
180.00000000702389
199.71431914933038
200.42835745042694
201.68080347030855
201.29640468885722
198.50370996339024
196.59265186706557
197.30970708978785
200.44055530625732
203.82619054978449
199.15660678559507
200.77020104369987
205.02325554289268
206.62886578615002
202.0919376088007
208.79796979046708
208.5503758434148
209.8120531060499
208.4541412181522
206.27463626304734
206.3728832056137
209.76172621184932
210.51272970461713
212.5199919335144
211.80951487359752
210.29040658114994
208.1567641457581
206.94622271254107
207.46885554949662
209.5750455795531
210.60194078690253
209.59297309568623
209.60791430091004
211.25616131773106
212.119219306439
211.82145145673718
210.99712225222865
209.9969763969862
210.79721659493566
212.5311548397159
208.15869467218388
205.86172547665822
204.39925553684992
203.27822614679653
204.16620134168252
198.1072702451432
201.201263424622
200.38687661760179
200.08100365579307
200.22619629785436
201.1482852367855
199.14146390440868
200.16376039577736
201.88694701684977
201.24540007079233
197.54177830738527
195.136569523789
193.00142051883884
182.470008626015
182.62421767276115
179.44951962549257
180.50923501732336
180.6216057818221
178.92363579865997
178.49321430410578
179.84734480865862
180.62600435714157
180.59637888383926
180.46409007417728
180.05150558494702
179.64528788941314
179.66165135400416
179.8548370382167
180.07226288224075
180.20396420796806
180.0919080299666
179.96565904936693
179.95881335615098
179.96094577131674
179.99095746813478
180.02638893493076
180.00801253923177
179.9928150175689
179.99974051066695
179.99919199224325
179.99924288909176
180.00212039097596
180.0000707057591
179.99881558571215
180.00016500059513
180.00038672263665
179.99989125634346
179.9999116586474
180.00003667473095
180.00001416640478
179.99999158310544
179.99999874465405
180.00000130073985
179.99999995784407
179.99999989963575
180.0000000174559
182.54970806893766
182.36882048163426
183.06689639429274
183.8203608020503
184.4119965127593
184.43578487931106
183.4574636460794
181.8503133651537
180.14436845925306
179.05315871937563
179.06020144489472
179.5731835648732
179.81525622422248
178.75971359095394
176.7427619068924
177.4587359938109
180.68084670802776
178.78473654310258
179.07138228352892
177.36709895015446
177.8075056813018
178.09957884441846
178.60568805646523
179.7933511569702
181.07488307230088
181.55111467190213
180.91802266546514
179.7739422593685
178.7735893389083
178.79632487221713
179.9869930987625
180.3342546850196
179.27816540670196
179.1181909117886
179.95866396713265
179.19815887396993
176.873388957881
175.9632285397668
177.28934167918058
179.3656143741462
181.56350485337822
182.87855010386878
182.35235568763773
181.14020584676126
177.90667493287356
166.74688839883154
177.82730519891712
177.38389211594708
175.60217042865509
175.50097055990616
177.63188530380074
178.667404093945
178.99376181894522
179.62430741775316
180.15401250612598
180.372156069301
180.4369610794755
180.3593265873332
180.170053286688
180.03657665208638
180.01585884308025
179.97460710267268
179.8884191910461
179.89004467699536
179.98074749502413
180.0511768897525
180.07246524670836
180.05311213415325
179.9930102154448
179.9532519457508
179.97218441027772
179.99756585995925
180.00899393128302
180.01563748756368
180.00520881435105
179.9941213050445
179.99715575377232
179.9995516675095
179.99959936370888
180.00119966123694
180.000449626902
179.9993798910661
180.00000107699438
180.0001655307068
179.99993110716278
180.00000881906564
180.00002197150226
179.9999758655568
180.0000004713251
180.0000091909421
179.99999761309704
179.9999979745849
180.00000085403119
180.00000030125034
179.999999814419
179.99999997402642
180.000000027864
179.99999999909704
179.99999999785013
180.0000000003741
185.18092925808756
180.08806230177706
177.39814790026935
178.65544932317925
181.05028207531382
176.9810180881668
168.13988353597216
175.76247996357014
196.09792677755797
181.90181025397743
167.3882126943
323.1708170633954
165.32771118038312
196.62318603543085
216.9027653187027
174.8421440974571
148.07289894941903
179.5221344279995
15.777964260416198
129.98599197373366
19.480006962762488
32.04125633663369
1.879223669988722
7.932421914229309
39.38277978166434
31.319544500885712
39.16116012204424
315.92268515730257
3.8434099537689406
11.370855594238288
26.665987207796647
38.773522990518224
28.44466842130778
19.57186013120976
88.61917588502405
119.6306040021063
149.6798701522091
176.58862419388421
194.42703471212465
190.8477757637809
172.78628743898045
168.62291182845698
179.43352774375873
183.0882386567753
188.4137872825596
189.21360355955244
189.71984443592862
184.23275151733853
176.80555671399136
173.63888033806992
176.78506582232788
180.64267804385617
182.56771691339316
184.0908787337606
184.04781852227285
182.46432847641984
180.83505261527756
179.68212837741206
179.5151173774608
179.87823383053046
180.17337274658516
180.32126924264094
180.07647952214504
179.82482771347406
179.88637474315803
179.97275739230884
180.05851547950675
180.11467041469743
180.02241112403647
179.94379322594745
179.9578585646579
179.97816925126722
180.00649083258944
180.02991204275233
180.01242128657964
179.9943017882811
179.99498351158653
179.99506252722472
179.99857584484647
180.00340566712694
180.00106623328386
179.99909330509175
180.00002045943376
179.99991655315628
179.999872786579
180.0002381188214
180.00001337444465
179.99986997616043
180.00002058786748
180.00003990754539
179.99998752158137
179.99999184395446
180.0000037246345
180.00000115442222
179.99999924863704
179.99999990486413
180.00000010801818
179.9999999964993
179.99999999166548
180.00000000144973
185.66932577001154
186.35883263003797
188.68446343121423
193.49365874453497
199.59785932345133
202.47032324349854
203.10981107758994
212.67715858770276
215.66673231409473
218.547681180052
231.5817331877713
231.09647253748597
230.30951975195237
234.70537458755223
252.3764801884692
251.30308646461566
259.5809360564515
263.02774811419175
236.88344951269315
264.12329966350495
260.7553257477068
264.97711299921065
251.38738843268288
258.39363606921637
251.50037407992008
250.771636563303
250.80107527637622
250.55036869652383
252.64165328980383
253.98093206988412
255.1841983974492
258.9302213946651
263.43817731906114
259.6272578417308
263.19048911505047
259.7141870283873
256.53575611457666
252.77613514048892
249.22939456701067
245.17976667910057
240.28031909391288
234.54633908036078
223.67348898305627
218.0719313374903
206.6708464177612
200.0522561682173
194.6604227567628
191.1835292566871
188.71035018611423
186.30329854608675
183.16139639575684
179.98526379484994
177.49848602890737
176.28688466621355
176.88181215404464
178.4263771796076
180.05005043241206
181.2131541691853
181.3064789227632
180.72174819470226
179.98869555938566
179.43976495726045
179.4826092049873
179.81327832474636
180.10754058899207
180.28079696561826
180.15151080364845
179.96710942637804
179.93114894613262
179.92954928993757
179.98553741482266
180.04432136340745
180.01636890335246
179.99134066246776
179.996158888139
179.9934766992522
179.99923900503694
180.00663320372996
180.0010799380981
179.99776672060537
179.9998636012184
179.9999643699589
179.99973530150615
180.0002886640957
180.00011379113025
179.99987958582025
180.00001020490149
180.0000224609479
179.99998208877682
180.00000513056062
180.0000039082412
179.9999951237967
180.00000069580662
180.00000135400052
179.99999944543828
179.99999985267573
180.00000011660924
179.99999999622088
179.9999999910026
180.00000000156504
164.2619519173297
167.5344433165206
170.95056406940407
167.59825841233382
160.0050931986683
167.00802450943053
181.93078072161325
153.16605368176798
102.3612218191383
176.08071399261982
118.14985876056033
64.1746115725121
147.25946104797623
138.4872105971183
65.97298895876781
93.74545375940724
80.47578540778616
33.20932327668958
43.23362637621565
37.62136837966152
25.428038020930973
26.93353642858387
25.212873536843418
26.541149158511843
29.766176840221608
32.104042922692905
32.292340371398204
30.57548581622509
27.386691250998123
24.973422531882584
25.05726345111233
26.776813903187204
30.003055969171076
35.07938180270509
42.31377880624419
54.00868079778606
72.49732461521546
99.48293269920362
128.39980630392617
136.7390548980723
122.66579790785144
124.54749006642567
151.87372675146457
167.2425568458164
162.81104456608335
160.40316207207698
161.04232892405506
160.57658978831466
162.75572292444036
162.6665851503718
157.58226152587005
155.09833086398032
157.03696694148493
158.80588426186216
160.44211128419803
164.0998662822027
168.93176208165977
173.22733491813995
176.51910831751204
178.89705811162412
180.26865436984346
180.94731597558285
181.29804081884666
181.02024116319657
180.20436342302378
179.4913232538692
179.1697966542786
179.34967461996294
179.99226402652369
180.46884916280024
180.40465274502938
180.16208216561049
179.90837643382199
179.75441722225312
179.89040425299237
180.04441295994113
180.04956885567307
180.04452465320497
180.0109289715955
179.96934360911
179.99036288029637
180.0084554290041
180.00024477435113
180.0008238117119
180.00095788429329
179.99761400137209
179.99989964979684
180.00133649962515
179.99981032952127
179.99956796834527
180.00012387760503
180.0000967503538
179.99995915613522
179.99998480123233
180.00000916338405
180.00000133226504
179.99999860036164
180.00000004536136
180.0000001079954
179.9999999812172
210.869003079746
211.60022350803047
212.6938374783282
215.68051804406497
220.21426173265672
222.33367635866892
223.18044292082703
232.3457771742264
244.60793349363027
229.75028524857248
244.8481674959964
236.67362087905593
233.8096886558437
241.44482293259495
258.0103926669011
254.7225268969236
251.6335018892911
255.08269684096388
242.6612378035769
246.4671539686348
244.64052279494422
245.1006826071753
250.26593021744847
245.34290348221572
234.25559465173583
229.27423567853944
236.44955088468745
240.87623250266253
239.90096874180128
239.14261095270768
238.6943136628539
240.5312910440738
244.16514766278334
237.01065698628483
249.35549764144866
253.10628751642284
259.7577071176546
263.809733736849
263.9366931510932
261.08394903951336
256.37732651947573
250.94295192848858
246.04954764274123
240.93401573299423
235.12091576425036
229.00772596655028
222.60075955001307
216.835505442755
212.51508188234664
209.45189355694768
207.7347548763308
207.33672276610187
207.37254833324945
206.20087233487533
203.29758303665196
200.40125882556205
196.6939141800165
186.962034716445
183.4074240885972
179.71068555694507
180.90164611958818
180.7412159855047
177.96371418356495
177.47172483710747
179.86021644536459
181.20545692487565
181.00697382419952
180.6537983146823
180.01373607970024
179.40528650278156
179.4933465272226
179.83632535396902
180.12131442134418
180.28814774682587
180.1291507570282
179.94222179895394
179.93969964024922
179.95086096260653
179.9879627928065
180.03575004279085
180.01142600978702
179.9895303522302
179.9994088838146
179.99921939960777
179.99898998449737
180.00286977286444
180.0001221877882
179.99834700337234
180.00021618457913
180.00055083581333
179.99984962322728
179.9998711905634
180.00005239732585
180.0000211074816
179.99998765896098
179.99999810771052
180.00000193189143
179.9999999373889
179.99999985093643
180.00000002592589
201.87225796423346
201.58374289633065
201.21044988740337
200.2026448360665
198.6037728646343
197.51673775819586
196.5691762570337
193.08765216998162
192.52608529600204
193.2168601804
196.6427148415403
196.2662157105057
198.88892317710182
204.68593674334406
212.7459803853826
202.93703220573107
206.0553864314504
206.68854248013147
214.1285234094849
196.49551223418626
210.07720239586752
204.76316439900123
204.81198884489027
190.47818701285712
205.6029148699338
188.1320632916581
153.78050437278287
210.02420699582768
201.20108596215073
204.31389662413017
208.2745393579722
200.16027769272912
199.77746121899548
199.4368225707834
198.81925137245472
201.10206971208478
203.74889403347777
205.1486921091989
204.8461508472037
204.02278017086243
203.3442182555627
202.18111057598344
200.6760118497471
198.79753777673153
196.46394744922105
194.54600981736786
193.55240388525803
193.37548220876621
194.05653579895474
195.35445515942382
196.8835993554241
198.53208253469273
199.82016596774812
199.79311500134477
197.9713684785176
194.58260788465333
190.17950488751438
186.04318423306412
183.1474254945832
181.16491159611542
179.92185125757743
179.2544492694444
178.79934023970014
178.96679233747327
179.78592667204063
180.49520627764622
180.7789104658916
180.60736922074548
180.00057139880747
179.55024025009072
179.6288696471904
179.8636004983688
180.08726828491098
180.22341648373424
180.09761131606922
179.9554071479898
179.95470799495297
179.96226203244248
179.99101790125894
180.0276733827789
180.00845799324443
179.99168986572593
179.9996520038804
179.9996091813498
179.9991943566752
180.0020810097833
180.00010953603288
179.99878327298032
180.00015635693293
180.0004066956294
179.99988920089956
179.99990492616683
180.00003867269078
180.0000155642069
179.99999089677692
179.9999986050166
180.00000142463446
179.99999995382873
179.9999998900761
180.00000001911857
198.90385956627304
199.15778169935066
199.56561840473563
200.10035688347585
200.77603142171884
201.6738508915287
202.52882591241683
202.42574845450667
201.69309919505363
202.91711294648718
205.43731128355248
202.92084837650526
198.5768954616988
211.7742325252683
207.76258627769417
212.07882339221172
214.99859000119903
216.59771979204845
218.9426355602748
219.9304559615411
220.00070715018603
221.5815028226671
225.16427662113477
228.64349556840088
231.52689416830086
235.16092310239608
237.6636576541084
233.29653343871846
234.56971235101332
234.07472449445714
236.52422239031878
236.31909338556116
233.85889594672992
238.79724632188078
229.00439898958814
229.11073613490146
225.52343703088025
220.38133318878613
211.97934936280996
208.24161646065383
210.00838650079478
208.95948261337753
204.0075072649371
203.30164256140918
207.3331328855873
208.6265942735347
205.90291186417505
202.99266559927278
201.52398057177885
199.56513480379022
198.75414258300552
199.4229470285956
200.42196533772238
199.25837541205155
195.7786163938866
194.68862966767915
194.427030378124
182.6092406544572
183.22007915009817
179.87168024309986
180.54146040051023
180.639685278219
178.5086048026468
178.12761893491918
179.91554161190112
180.89988913473292
180.71329462363542
180.45104098688518
180.0157441041549
179.5828349969303
179.6334603668831
179.87722313947052
180.08729854743214
180.20868832460388
180.0934549642471
179.9588922564067
179.95630988399404
179.9638531354464
179.99141445948442
180.02620709306612
180.00819221767148
179.99227327448148
179.99959653860031
179.99948537594065
179.99926165530525
180.00206546849424
180.00009233470652
179.99880479528645
180.00015498181682
180.00039921443312
179.9998913736646
179.99990642562477
180.00003798532495
180.00001536538596
179.9999910302627
179.9999986209549
180.000001405905
179.99999995443574
179.99999989152127
180.0000000188672
175.486233225561
175.1261702525737
174.5347019514414
176.3604018656092
178.9702831079216
173.9166582496641
174.55404104545792
172.60490880095094
170.78711075868262
171.7091533925775
172.99036775910255
170.97357785288332
164.23065658980926
157.45595338890203
169.49907257501883
170.56660792337541
165.10862621500053
163.15056715928043
166.33221910666663
167.07506333416615
164.43548926438126
164.07220830109918
161.90014716085338
161.23579452345822
163.53950126818899
165.73851740932926
158.46784312040396
157.2854649082869
159.80084934550032
160.75733257686906
159.54682465570193
160.43996269369597
163.13428791654061
164.52474308391623
164.35347909821272
164.08887126791515
163.98523410028167
164.18080762403147
165.54195194946703
168.63816022420673
173.16015177068357
177.53510729999113
183.99318762692954
173.00333781187624
161.947932896949
152.55010479135743
170.11201783483406
178.37670156712284
166.8129988381979
165.24840683169967
171.971084925884
177.18738509631348
169.20425733006945
169.58883690379835
173.15257888215558
174.81514148771808
175.05106743282136
179.1639274862768
178.2852526479694
179.5286777130916
179.96362773151816
180.30022299990537
180.44235780060856
180.38571877066133
180.07573570319113
179.80152067253138
179.72262203218023
179.7949399883094
179.99881555189776
180.1564217658742
180.13257891140552
180.0493509399384
179.96987264966685
179.92134979764865
179.96406942585634
180.0142135671642
180.01653798758483
180.01466232657745
180.0032865528689
179.98971887792294
179.9968755748139
180.00293993413214
180.00017232124284
180.00027279522723
180.0002654705984
179.9991536087011
179.99997193118077
180.0004837575479
179.9999371599596
179.9998379491052
180.00004369993567
180.00003836674216
179.99998455223792
179.99999363607196
180.0000036896955
180.0000005739342
179.99999941849393
180.0000000188463
180.00000004486876
179.99999999219642
162.21072565810036
160.71421258453987
158.8911734208847
152.3489371753252
157.3218584819638
151.73869161953527
149.2972419503166
144.3182546051498
143.4821527280553
141.80145993730855
140.50457942291052
140.12878197845183
140.90837474569227
144.30080312165836
140.58810809286814
139.5758352892521
138.7216979096542
140.81609380384074
144.29868118886228
140.295392272645
141.70936571009494
143.53192164806134
141.10487033948817
141.85023275830235
141.62175266002322
142.38614073102437
144.0470903888051
145.9720929132356
141.00471413902278
141.24521481152524
144.59667137315114
145.25750301469992
141.14978765359507
134.8625878342858
134.22320020336068
140.224350657045
134.78472340622127
133.7556283380495
132.6383201673458
140.2693307315636
144.03394894055216
143.97079109425454
137.77387842493502
149.58067454626172
152.02786848067225
155.7152582305759
154.11347728256376
157.03248319594698
159.6167840291639
157.1309113678421
158.55369076955245
156.37004880030494
155.3902114920435
156.4912004359678
160.06510115823872
163.06563899925902
165.61258792875407
177.39489215988564
177.09550533511973
179.74476738467365
179.92326961853556
179.70233638513366
181.08935834909062
181.3993493443213
180.2216295971929
179.4470996984024
179.3090467813062
179.41999722018755
179.94893046588106
180.41231006528426
180.3785924032623
180.16459497488893
179.91992291231412
179.76809463974573
179.8956518099133
180.03907917120264
180.04642877475231
180.04421430055743
180.01045891954834
179.97025733885457
179.990872703912
180.00800086283968
180.00026512423696
180.00095682252947
180.00087315191936
179.99760600409755
179.9999212873224
180.00132907087684
179.99981167214668
179.99956882721563
180.00012249865412
180.00009759823487
179.99995916229207
179.99998448929972
180.0000092763366
180.00000136782523
179.99999857395437
180.00000004621722
180.00000011003294
179.9999999808628
