195.85419119628378
194.6356653174977
193.2701059691607
191.5106649575604
189.57850296078607
188.65310575301623
189.22817621719486
190.9869089284545
193.43756794519078
195.29356006051358
195.10971562262742
193.82901417549655
187.52735107293697
165.2982897489513
134.84903309924238
136.79321087878432
172.12175400594995
142.47858157360034
70.71610240959654
164.99746471093914
51.18962543151707
102.4669122980232
59.780526162230494
54.47378360859509
41.21965723098257
35.39099395240976
27.29297923296387
25.775713734199673
25.389768731495465
25.3935206961828
24.290683835835864
22.730996590053472
21.53248567090506
22.20495610129355
25.464427642801382
28.73085297003807
33.58144956634847
48.991585785499744
72.51824701701281
82.82527962593863
83.87983476902585
122.39203598956942
113.15687521555465
120.43898775653997
170.21808731292145
180.23331200470852
178.9715778592819
172.48777602098525
175.08507790368324
186.16134729315488
179.58936855706722
187.2804832880344
193.48723228426002
197.34509899939718
197.63662845492138
196.584436007865
195.19045599504625
193.44921654583285
192.16556441162447
190.5353721755815
187.95058460090803
185.33761672963826
182.95955367123202
180.96540404092593
179.7572667137718
179.1268328907488
178.92762207524643
179.26812188081905
179.9166028927617
180.43975558863005
180.60655376454778
180.42022570717003
179.98621752524107
179.669310678276
179.71864137265513
179.89742544214477
180.06655963379308
180.16570956542517
180.07515428403772
179.96945533537993
179.96514388003177
179.9697701804141
179.99305114491537
180.02126414316
180.00649332185768
179.99385550306263
179.9997799066441
179.99958253625812
179.99936620321407
180.00161929183614
180.00007708894722
179.99907061142986
180.0001245764329
180.00030648332736
179.99991477209605
179.99992953159406
180.0000290781411
180.0000113591615
179.99999328028403
179.99999899021392
185.2827559815186
185.68890325601572
187.1458072894198
189.2565213780665
191.47195955464218
193.41323374806785
195.0777497797804
197.6835450401661
201.3734363662353
204.06885670973418
207.0023996523517
216.67945384133822
229.71095469512096
225.98467367074537
240.96126639715666
241.1690854886188
242.3852596457656
249.3844808217447
259.20031547654287
250.16936995613082
262.5779048418793
259.4413392802294
258.2331170535425
254.84909995613663
250.74430106413996
246.7934211509692
243.8468535161358
241.70815837114196
240.08621765913333
238.76839225330636
237.42665745070414
236.455382048477
236.05091096974076
235.88978821579033
236.8934569574685
241.622978957391
249.66019277063236
255.35612561808975
256.6117421655822
257.4441111710289
258.2408046023064
255.91164108481638
251.2566601144737
247.64632407368669
244.9228818221145
238.89990643905713
229.00589206147333
219.8370674574266
213.06305398178142
207.53423981043747
202.98476506634654
197.07850805997208
189.46547549578278
186.04341038063438
188.43405982319626
191.01121466302436
191.98165128947795
192.94057349757875
192.72813743763157
190.33420092957013
186.71840599068256
183.51519920108387
181.67748256920103
180.67984654712308
180.1898853802918
179.83782334167725
179.18374774962248
179.0870986870477
179.81315397502962
180.39100323384588
180.55217125371436
180.43695367088378
179.99685177049835
179.6618599701307
179.74332873094238
179.9211569156467
180.06285696816713
180.1516110770687
180.0647631539488
179.96569891616483
179.9695479678947
179.97742490647795
179.99404145590907
180.01770948964733
180.0057251298384
179.99445054347765
179.99969123496857
179.99983490986637
179.99948226269947
180.0013428038931
180.000078770736
179.99920088632544
180.0000991307561
180.00026986592727
179.99992754060065
179.9999362268921
180.00002569719126
180.00001054092397
179.99999387875098
179.999999050434
198.16436375796516
197.97901117337497
199.26938635115175
200.2534874987525
200.72578920485415
201.78932552634387
202.3086460607174
198.620061596464
198.28651951549128
200.0671262500319
202.9742987313777
200.61051584412945
202.37195853985443
198.68676941108802
203.74486131999785
204.78791804071082
205.11443276086928
206.00574339383869
207.5050023517679
208.3985990878719
208.87568345159107
209.36865890538243
209.8040453227004
210.09342010475848
210.35318216960357
210.74940097991242
211.05886137502608
210.4646976436677
209.04867932942602
208.53666284159476
209.4539908649426
210.33868634555125
210.7361968695157
211.06949781748492
211.1269504303528
211.00483467932523
211.19875720051826
212.13111506084
214.02085297859327
216.49386293351563
217.9151275093008
214.59224769181307
210.29982706604466
206.5822501202374
206.45592634663208
204.4833843518486
200.18370652454462
198.58598890140522
200.0449915262842
200.71491295566528
200.08412191319067
200.0436460743738
200.41151456383005
200.25589078693307
199.87545068485665
199.7880080461648
199.7904979568237
199.04843885010828
197.61650387883873
196.98844588336055
194.84972774918964
182.49523079421408
183.13167587012214
179.96755340448195
180.55535694495254
180.71483963282077
178.50301941391737
178.0181453550033
179.85702373626074
180.90636480289174
180.77610797539361
180.52788243502067
180.01663486600887
179.53274647574287
179.6065283234058
179.8720822884785
180.09268647323742
180.22485082873155
180.10141976216943
179.95543085129816
179.95277125113216
179.96108084869041
179.99071920476766
180.02825799414734
180.00881206433604
179.9916386912248
179.99961048100354
179.99949828096462
179.99917957681214
180.00218210705685
180.00010557173903
179.99873490667605
180.000164909795
180.00042130505676
179.9998846618126
179.99990183268403
180.0000400478637
180.0000160257499
179.99999060651507
179.99999856587206
183.21173451532513
183.265204031958
182.61529815156217
182.94859146213904
183.8974388287455
181.32605382548522
183.9073167260344
184.20740449044774
185.3951105330084
185.19115223587696
183.53220710129855
181.86834495210454
183.61801791370215
183.90640402036323
183.1950058850691
182.27514815942988
184.42091489475598
180.8641397037026
182.85735754093898
180.68134512062824
178.9810257361424
179.90342964906043
178.84029131919658
179.00257526746137
177.9529656004344
177.09988344782911
178.65891141038514
179.37014320258407
179.74980674695504
180.15035762214023
180.3733595501489
180.08920998422548
179.55305874728714
179.30767324610093
179.42600349137905
179.1960220603476
178.31760295408174
177.1155259517785
175.80455642552675
174.94527636518043
179.49305467399859
178.41330848278665
173.89304556193684
175.92450805953342
181.6341949066371
180.59525852992053
182.04147159431068
178.09348233180705
176.44268400621024
182.70231247507516
179.22496809083893
182.11372268656885
182.61928269502712
183.54333799030763
184.7491580658322
185.25454668440452
184.97491109375977
184.62582365880226
184.3023661984954
183.5656821428824
182.48554528345247
181.49864258329345
180.7391821344296
180.20095698239888
179.9324943750162
179.8124131844306
179.7330317374275
179.78601820320753
179.9524421690786
180.09915623940643
180.17647728172471
180.14474154837814
180.0046701454542
179.9000686762956
179.9111712715501
179.9619233851725
180.0196337526599
180.05481276522522
180.02433441030345
179.99036780209207
179.98903220915875
179.98987600893196
179.99761071338207
180.0069449921198
180.00210370388945
179.99806180553145
179.99996047233998
179.99984012990143
179.99978251635739
180.0005217983499
180.0000241667828
179.99970567388382
180.00004137445762
180.00009536325254
179.99997272740666
179.9999786123089
180.00000901623608
180.00000336385781
179.99999797401082
179.99999970490867
185.48183371309534
184.6913728204872
184.01152644139074
183.0886036025472
181.77102940060632
180.32130682357652
178.80894880973733
177.5030669850274
176.67926934196916
176.30382569363948
176.5011228605016
177.56787843258854
179.7375673029347
183.3233795603762
188.00376463975743
192.20971904248816
194.37347527534115
193.15172264221368
185.54760866016713
166.59964392459136
145.50505116896352
156.42100527646963
193.73515764614115
178.08365305042435
131.06269655690687
247.6347799303831
330.11621333385017
108.85173467658002
250.3876415283278
97.43178398346411
11.306695184179254
59.172435430327724
248.3034682491262
284.90451800877037
116.14587373917209
88.19875583331084
235.94249531516533
195.9383535326358
189.27444892432547
154.9285414185174
192.49036487642155
199.9790674851741
188.30238745773002
188.28618686945714
193.90643949591507
193.01269857477985
187.90292173833876
182.09391677281587
175.772099095049
171.97000294673748
173.2165194257702
177.53231924015117
183.01063685731845
187.47111429043824
188.73674020162647
188.17503186164294
187.03603066660014
185.9044051720482
185.80803886567884
185.63880780241206
184.6120454432891
183.33522620388476
181.78768426124662
180.43416775910194
179.80609812782419
179.49592081670608
179.3879813408856
179.61038895792967
179.94980848318693
180.2266846885726
180.3540207305272
180.2566038776607
179.99021823236353
179.80398784801804
179.83689397788262
179.94132145612738
180.040434200992
180.09770329777598
180.04172873373005
179.97956225003352
179.98027038434066
179.98431781177004
179.99623877726185
180.01185104428967
180.0036034220359
179.99630102513618
179.99987493116478
179.9999442781755
179.99963497662915
180.00083378350743
180.0000569374369
179.9995014544883
180.00006261772447
180.00016718640788
179.999954468434
179.9999610296879
180.00001588346407
180.00000635547212
179.99999627462495
179.9999994312684
177.70746675354374
177.93606044842213
178.57767444300453
180.55156183593905
184.02543859883414
187.3198583936412
189.84082583183448
192.67314723257905
195.66034730246164
197.56548839535338
199.24205844934957
204.1035271377866
212.95027504598784
222.28400219546953
228.63197149114384
227.47230852495753
227.93276370537427
242.54577116248942
246.86630511216026
235.6581797314699
247.89759536978792
248.60305320717393
250.163675650214
254.71182532822598
258.5669550257154
262.11101214851317
263.9976866001523
262.7111074321551
258.66101034221293
255.96122177625156
254.99974959144654
254.90941278212966
254.41024928285316
253.5369539207023
252.6776917351754
256.1187578199062
263.5666061638767
265.46623431238027
259.7172248209167
256.2303256910814
256.9515891048291
254.4953259897025
247.51931704114452
237.6546848050066
237.52503733915853
230.77727957229297
222.54261063719687
215.16868400223424
209.0928208421703
202.63145711927865
196.13343638629536
190.50341668917028
185.88477369283262
182.69502535454095
181.2891449236835
181.27974006782833
182.0929058430964
182.88475356062008
182.96001755279522
182.48839131397557
181.70555648214136
180.98046045045007
180.69557321220262
180.4714675964566
180.12630624369646
179.85698891775723
179.63917591978384
179.6435915510206
179.95097014592065
180.19463986396389
180.2131180171431
180.1311790364766
179.97592058294316
179.86813723179316
179.92245020642704
179.9973974294326
180.02382688548917
180.03988667261874
180.0163248516753
179.98662273356308
179.99140900554463
179.99703366590307
179.99870291460982
180.00379645302775
180.00155562692223
179.9984857524047
179.99980433855322
180.00008298452246
179.99990113864993
180.00030746779538
180.00002702028274
179.9997961657479
180.0000192981961
180.00007374971457
179.9999821909959
179.9999812161653
180.00000709767036
180.0000033060634
179.99999816570008
179.9999996928157
165.497751506104
166.05225751767568
166.2398285837819
166.30905936271594
166.5185534435325
167.07363498945378
167.9324056206499
168.19568769975857
167.96591886296014
169.31682115466774
171.34145390509178
168.1865590041246
166.75288551242943
195.80375174646753
274.4590134796572
161.2990049795462
149.81131323853236
82.98382120217927
110.53535074100446
133.76110329159133
130.5605325792113
92.33025753650072
107.2860854156384
76.69809632340696
53.525465541878226
36.974437706961304
30.71881836100778
29.33938995000882
29.336987217668337
30.243761243854895
29.424666505454475
28.416940784268657
28.64274024346695
27.883017368313862
26.426483510117517
25.93800801150262
29.065053260054388
42.34714721749267
67.26302536972665
94.75569936625057
112.05485477903277
99.43894528680022
64.77069095301437
74.24375840234042
140.39725966840095
173.97849191209679
152.6981386952795
147.14948418765684
166.3402949059924
173.01089809841383
170.49965979923857
169.10735338917564
163.97321102899363
159.24693907797422
159.72456303691663
162.17983172996492
165.44763812089897
168.9069215541984
170.70979371096513
171.91544833566732
173.43225407445456
175.16302549214612
177.48365762841559
179.44626201220453
180.3506446119442
180.7678403041236
180.7610817001425
180.3905272203387
180.038903951924
179.7444160173232
179.57856226025416
179.69449209155312
180.00100176155487
180.21904590744492
180.20607301697692
180.09083133964737
179.95373184727455
179.8743638227014
179.9429065883955
180.02029561134614
180.02590864690643
180.0247563735402
180.00555174764926
179.9834510833726
179.9949700130447
180.00445720488318
180.00021265753426
180.00057205876254
180.0004468760488
179.99861883307705
179.99996287142258
180.00076917806433
179.99989391677204
179.99974736104872
180.00007020227116
180.00005840399314
179.9999759948339
179.99999052102137
180.0000055843395
180.00000084517472
203.4051826533261
203.78530218286824
205.199930041394
207.3252046463253
209.75959138997393
212.09611847856445
213.8289185705701
214.7181556031435
215.14074191825495
216.50850034089757
219.67403051640616
224.02141743604443
230.35270713655444
241.43287371943248
250.56354128945975
235.29461826717065
245.81599876900026
255.43563450841697
252.7557244777875
251.2968189689065
253.53544950743668
258.41596421993694
259.7362262193368
258.5970748423772
249.88351326859734
246.58209179765987
250.95495561919986
251.591048356182
246.77790279073432
245.1965314623701
240.3122472123803
239.06720478067905
240.0743196948638
241.19219983141738
241.59766656289963
245.25931134035503
251.92431776036085
256.3469430472589
257.1847072693891
257.5274499170148
257.7622432312402
256.4728458831832
249.49902407088433
254.08588329551114
253.64988176577333
239.53251182906172
243.11771371183295
234.4909027601447
229.80497373709326
224.72793260490758
220.50808238828546
216.65082909501663
213.30401502866346
210.7209865471668
209.09101613889428
208.57765012107595
208.84849512852333
208.41232701593944
206.5877324590599
204.34918466428806
199.5510309788368
185.12051087730168
183.68736178727565
179.26302069745617
180.90104535314535
181.13344019051252
178.18233071620145
177.3842675714717
179.6562699786105
181.03461360922884
181.1137660116781
180.8855304245044
180.01956467211997
179.2873418772264
179.4536828979072
179.83304711739373
180.12461641305703
180.31547505826796
180.1455116522167
179.93768251778397
179.93317806148283
179.944665837861
179.98649041858016
180.03977437123444
180.0126368752595
179.98848255026118
179.99943090438393
179.99910863526495
179.99884509060144
180.00315623343644
180.0001364877539
179.9981913201768
180.00024073691634
180.00059881152222
179.99983474843378
179.99986127652534
180.00005688250727
180.00002253086808
179.99998674208027
179.99999798936577
198.37709482275525
198.077026816184
197.73447219795622
197.39094980980315
197.11270270200225
197.14583361796196
197.53667688068214
198.03883663481847
198.43861686945493
198.54577780607943
198.90506276893254
201.576518613331
198.91237006325795
197.16684313089308
194.21362850303746
194.1484990883915
200.43499353445262
204.41128053377238
204.90968219237726
205.48454668623947
206.33095229497795
205.7976751692266
209.6389048359861
209.419279088009
201.5148503938076
211.20120296807926
205.20462018640913
206.67797335557043
203.40139773417067
207.28264536331017
201.10683968066635
202.97473001054942
205.9189481610553
207.49701696196166
206.55397495020628
207.31115601361455
209.7565552560185
209.24649746984144
206.45746922129072
208.27945218376775
202.4378804856636
200.41960743204885
198.18955083349363
198.52263607709315
204.853546483844
206.68578037896788
203.2813798480218
199.9542070685809
198.67358117157787
198.3037703821275
198.38934348243563
193.65483169103092
198.85736685333816
196.1490135404325
198.80867987233805
200.54263415609148
203.65795782233846
204.22546019569626
201.8086529992769
200.37119310661663
197.86864829586517
182.82529244103264
183.60397424595521
179.76185634423354
180.66297726172283
180.90080860435657
178.35145306054218
177.71458272835292
179.7558292620223
180.96731581560798
180.93475169275422
180.70256401382068
180.0353117286493
179.4254399250564
179.51622339707004
179.83193237292318
180.1125584459366
180.28381396075193
180.12473073489016
179.9425885152939
179.94225613462396
179.95246510483594
179.98842872544083
180.03492804031728
180.0108003741014
179.98952926753964
179.99960161164427
179.9995244587012
179.99894673192549
180.0025976577917
180.00014382308987
179.99848351432368
180.00019752592866
180.0005040919485
179.99986127305334
179.99988323988316
180.00004786550113
180.0000189441418
179.99998884923124
179.99999830981392
194.27866323232425
194.64573835424383
195.62848402023346
197.10239590813237
198.6657698923503
199.4555716887297
198.94886337824295
197.43966084250832
195.4959164801774
194.32356243880255
194.8809880555956
196.8550436705144
199.69270034134007
202.19833853007754
200.23898639893187
204.07390280557735
211.70947843462764
214.09270307785252
209.41270809929432
207.9610951960875
211.65219033727516
213.2993858222679
212.85535326161374
215.2287749975408
219.63828521268638
221.62246161000581
221.0855128750931
222.31764623398595
225.69227879901993
226.91404439000465
227.8259205355269
228.88486472384508
230.88473738178155
231.82274432637647
231.50473764426516
230.7009669658631
229.42650555696218
227.5555169042866
224.60816112954473
218.61717318418593
210.64425584224455
207.5487757195437
210.44659675578876
210.2568834404914
212.0250146205515
212.51798812513752
213.83858210405185
212.7882710004846
209.67422733228486
205.97459124500045
202.76302332764732
201.27057706019528
200.2818914909795
199.56771044478123
198.11755698357217
198.67439645221384
200.940756357387
200.43886565324416
196.70221904544022
194.87037848100027
193.5807477097078
182.1098215941807
183.3718400901313
180.3238251617885
180.23335416480575
180.17763259665892
178.79400607993506
178.56262001346317
179.82944650082632
180.64339121730399
180.69396671529114
180.5179443936968
180.02120536229774
179.58938583345807
179.64590391471435
179.86925937874454
180.08103286103434
180.20940069090517
180.09338336623102
179.96019450618405
179.95711503132404
179.96298114263203
179.99118091721016
180.02634147027757
180.00816451744797
179.99240494673583
179.9996475702478
179.99940466489312
179.99924961557483
180.00208054731627
180.00008705921653
179.99880853388999
180.0001580793038
180.00039508202053
179.99989132524234
179.99990818310891
180.00003754902716
180.00001495932707
179.9999912168214
179.9999986629218
174.86405162675175
175.62570050900578
174.58891889171133
172.74742777210716
171.15688383003172
171.32007926311357
174.18613038904044
178.09114402431936
181.4013711851125
182.69214493394827
182.0028258623705
168.08373414271531
178.02831247572604
176.52593265481832
170.6129407890914
169.22279130014357
170.42754741207506
170.58607774693778
169.53461603661972
169.06981051015674
168.83081998293866
168.16107222895258
167.23221083733108
165.93530764151708
164.2834731317375
162.9636840098702
162.33734224448673
162.15214670001092
162.280677409239
162.4871333038366
162.51130866354256
162.57432095884297
162.59367268564765
161.94196039575755
160.74765844490025
160.1824922705766
162.11277192449498
169.78535390232724
181.0671613591331
183.27511367074237
165.3551495754589
154.42050167566373
181.25165749672635
178.31226527746563
160.53913287087934
200.39339286835752
149.16198444897688
168.8966253670205
160.12650905091937
168.18619624669603
170.42945569428218
172.49302461496674
172.51802455201124
175.34636409993567
178.80228112123615
177.2572239211232
175.3630155783108
173.1273081610971
174.57702191585503
176.279030279412
177.8814684976038
179.33374010831832
179.68376431522722
179.65013253728452
179.85189413731104
179.98238494049184
180.1852187223992
180.2961916536102
180.08987220870225
179.89741215674056
179.83838646820163
179.85699326263332
179.9934885331283
180.1033450522594
180.07923179854578
180.02682212727493
179.98216579579682
179.9522727023693
179.97903712468042
180.00998410649416
180.0097003975748
180.00786458200895
180.00184220867433
179.99403999342007
179.99818547499586
180.0018359015345
180.00012991965545
180.0000961101897
180.00014421360902
179.99951767899177
179.99998010079545
180.00028513267495
179.9999658897301
179.99990208784976
180.00002540832696
180.00002386127485
179.9999906285496
179.99999594139283
180.00000231037882
180.00000037070265
156.36167998929912
156.41658000299472
156.06813050524454
155.61081706735334
155.19592456170128
154.52662668886077
153.7286330600957
153.35171390155864
152.96175437154508
150.62183059069233
147.11140796291048
147.9781744926301
144.21897698499743
144.22430179905402
144.6515187172337
148.34940600821844
149.331883682224
148.4879704747663
143.57892705576484
140.69240686539496
141.32442200388184
141.6814240923151
141.2643596296572
140.42933245962
138.95080647057398
138.2601591515874
139.3605396162435
140.57646173072783
141.00593888639415
142.28491626813405
144.0400319079133
145.5222023289656
146.20161765403256
144.96053650118404
142.22792610402107
141.79690609581323
143.78306640358298
141.4991856367843
134.19754911314146
130.3870258888445
132.40353128059533
135.18839746171923
136.19162762265807
139.09860350748343
144.19921337849883
156.6047224625619
156.84392772700096
156.44548807061736
148.93681346200097
148.53260861704004
156.2508759886304
152.25745861061057
157.67315809660994
158.87189422741892
158.36333854050255
158.1188792766031
157.04610398398796
157.6097532539247
160.15277859695428
162.79544638958518
166.43868935311136
176.83735225596834
177.17361033345375
180.16207463530225
179.40410647053992
179.47041759546127
181.34137173906566
181.77826450947362
180.15561385657423
179.20035463261755
179.28122595239768
179.48573242473498
179.9594543439201
180.4223854160899
180.38794733288745
180.15160305475635
179.91372807705667
179.7715342334574
179.89671852359862
180.04048172487077
180.0467991111075
180.04245629760982
180.01010887036458
179.97087497976923
179.99093553577546
180.0080240350734
180.0003135192295
180.0008475085608
180.00085438316398
179.99766456398766
179.99991519952763
180.00130965647227
179.99981790196102
179.99957246975183
180.00012040937276
180.00009745086047
179.9999594723918
179.99998441020531
180.00000927753211
180.00000137984466
