218.9759881704773
219.3691662152157
225.92002269109963
234.13048906557339
242.2256613187489
248.2459834378086
245.0191736540935
238.35809526381604
229.87488425656267
224.9699012153805
227.35122791950707
233.7892094625279
240.77575500227832
244.47911711381138
245.77378404402006
259.8412501505233
284.9372881035895
286.97277532693437
246.2535226801952
293.6971023182704
317.43414715103546
319.2645739831296
321.9892828815902
314.7566252198865
331.0107280321815
325.20523820708263
330.45028835064346
328.9670972452426
331.6424114863292
334.02034027128053
336.5151633629139
335.3412754732736
329.59730046619836
325.16311270894556
317.1631049064377
282.8690904633188
276.38166324528436
271.80553976647997
284.74530055620903
282.62741529144057
262.35390741283965
274.21180059512915
268.7550099508751
243.13602966258833
233.2596533335659
225.30593642674086
235.11104197958778
234.145487201205
231.1379089001258
229.3933912701176
234.25405714239406
232.8726977584681
225.7996502213188
223.55145903401754
227.5245631963323
231.16920830465952
233.10088274125215
234.7214667340625
233.65388983944268
227.31568435533265
217.91228347145926
213.62104978172218
199.11697849729399
190.57930784728728
182.01800843143766
176.058686568098
173.3667120691928
174.9172138380762
179.60008973473936
183.17303753167275
183.33422446104973
181.82197175272614
179.65497032582974
178.115563576716
178.71309574276842
179.83932101874885
180.41460980633045
180.69786588888726
180.25291137039034
179.7574959226102
179.84530180612492
179.94777945526639
179.99941371693254
180.08586320991097
180.0191850019109
179.95592880955462
179.9943337908862
180.00750050561533
179.9997748243826
180.00541505106705
180.0007266859847
179.99540437302232
180.00011271355726
180.00194153494354
179.99964581057142
179.9994233775464
180.00019166710942
180.00011304390793
179.99994181853538
179.9999889999454
139.74019079311176
140.27155046581512
137.71762294690637
133.961566756987
130.46210078663654
129.29652041348226
131.96577375904286
136.51859256306724
140.3890519414095
140.2949460641465
135.99250953888185
135.5845536536079
141.4569059398203
144.73754756188086
142.9861692231205
140.65811999451853
141.22344887040364
153.88884454879656
170.74968399925748
147.2509789181623
157.54246016751097
148.00345056359936
155.44080240313085
158.93965198687016
157.13262305440583
157.13638382522674
158.5800246611361
158.7173312838394
158.7033577982891
159.58100865283586
160.9709459058425
162.05632137896166
163.28186846841655
167.10769757036456
173.3239828775377
177.23606727824892
175.75594506900416
167.93702225752554
153.52036810437534
136.5660461621391
140.80880337665
136.0814772410336
129.19633774614738
131.22812716148403
140.4672728853516
139.71685269148327
128.69565397207185
128.55498415164774
135.04758696578384
139.18184206451832
129.9379249664084
131.08734323907305
133.58855529599933
134.88028977365684
131.69436786786633
130.05169928531274
129.93965844243297
129.5546048461325
130.203266147741
134.25573055728836
141.536062956562
149.03628220587603
166.05549776383816
174.97240065429742
177.77453291202607
180.49143637886687
184.6835282301223
184.6665198536171
180.89550975102716
177.99900594630145
177.09061351487705
177.85734000179747
180.2759598207416
181.86956830706387
181.09596574931663
180.08394388113638
179.66388463407094
179.39516801103434
179.76728564851803
180.21085210328442
180.13864843356606
180.04907534230955
179.99982946823343
179.92202124836876
179.98316164810444
180.03979932001275
180.00517972722616
179.9933688975133
180.00009921506168
179.99498796563353
179.99936761267242
180.00421596761683
179.99989498978888
179.99821820787764
180.00032410736512
180.00053022843406
179.9998240181159
179.99989590409967
180.00005353039992
180.00001013434385
199.97698753549335
199.89316035240907
201.416311481573
205.58634857996103
205.0027471707574
204.4505485940413
201.40919239610187
199.3122696563176
201.63213469493135
211.89805597821046
202.55248282933263
206.91954021798884
213.77782708541545
215.1778227136905
212.37559965822405
222.15470657283117
215.65667189482346
218.53387105088595
218.36635428990337
215.4286732250585
210.72172576849894
215.19974117325495
210.50659137559276
212.6672972597147
213.36270063299852
213.17761003167166
211.77439467955617
211.38499408142422
212.44234168929717
212.07431012615777
210.40154853658083
211.42512052456604
212.54666839636985
210.87229807394024
214.69688780628147
214.7661650337775
216.6957877580466
226.58418684752374
224.85995899144595
228.02655876585413
212.61981376346407
207.4975390192431
210.22349928889747
211.91454746479795
206.8190652374734
204.67372148907722
204.25823464236052
205.4173965231115
202.04706261636179
203.72481538803524
206.0895854221367
203.81502153671676
198.91101368519952
207.03189170369964
194.4868481564902
200.15346869674428
199.57818610409112
196.7203040554673
198.94743500104212
196.76921850633497
195.3970830896032
193.89575666831544
185.02771075912233
183.07959481110848
180.80799021128232
179.82430543784554
177.49297942594532
177.59690478059176
179.83282204912143
181.27967013918916
181.24812725711575
180.71734538717425
179.86056401950333
179.2418831628559
179.5311432972729
179.97762288318793
180.1509742439548
180.24420024344025
180.09341371507406
179.91190166017503
179.9428734222195
179.98242975703428
180.000031918777
180.03051636888708
180.007004120392
179.9841250135086
179.99787380383742
180.0027276308327
179.9999433973459
180.00195710227473
180.00026239099867
179.9983333357188
180.00003931457326
180.00070559643314
179.99987178981291
179.99979006881105
180.00006967848532
180.00004120154503
179.99997881031584
179.9999959890247
177.4167621360451
176.0105279768439
172.75315589889766
170.6146105675567
171.86932227921406
174.9862997390348
178.4320727616434
179.13858342844316
175.86757795273726
173.97236273372127
174.22390033174977
169.29189146989813
160.524086157171
160.9002357341092
160.45239411204267
159.5233326060446
154.9760867411427
159.4130661775469
163.84933360250074
156.94874369583852
163.7917261909135
161.80639087975314
163.1229158456849
163.31096917293146
162.8354243729504
162.66496566291772
163.02699005960721
163.62797471567305
164.38800542858996
164.97770577976652
165.08964666529886
164.99330819325166
164.81074568825525
164.4567715494607
163.97498487659723
163.21507722579238
162.18671303243926
161.35783657941673
160.8361836456726
160.16348281054934
159.86140700181073
161.94916996406602
162.95700480377596
165.51121501064065
167.65823902184582
169.44640122492083
170.49430292931643
170.82690266352165
171.48775542074557
175.1201754722969
172.92078699229475
174.51299490718503
175.98645761469618
175.92827417219289
176.51488418649538
176.334023197755
176.53044688115602
176.66968179023237
176.9319196084523
177.32478805131825
177.76642764422178
178.2789694372765
178.83593785985002
179.39737889966122
179.91258153423433
180.2566599087119
180.35938716296556
180.25601991729351
180.02275329332957
179.83448125909948
179.8162018097477
179.89816824518033
180.01954788895668
180.10315312814797
180.07016879052983
180.00910039153342
179.97770437626835
179.9619360955291
179.98579915570753
180.0128093315155
180.00851636947505
180.0031796690697
180.00013838997162
179.99525899296688
179.99888933620645
180.00233880742567
180.00032042125568
179.9996539842261
180.00000880508463
179.999670038467
179.99996488028964
180.0002641775627
179.9999908385023
179.999890364687
180.00002058064496
180.00003220740072
179.9999891937861
179.99999372512536
180.00000324441785
180.00000060896835
195.04708510145434
194.14286113731447
193.0098450675088
191.3993913651196
189.31241387233374
187.24114814864313
185.46085395419416
184.23925572782034
183.86737526703476
184.34377837632564
185.61087335637615
187.58787955788603
189.85310875356805
191.62082268870688
192.4559038386101
192.64075295660984
192.1058474989031
190.26085608014623
188.7342133099392
192.53098607275925
200.46037482040887
200.14467662580472
197.02460340665388
227.5900993405473
271.1735278270214
209.17826736921575
231.15880113915745
197.29626740019435
198.59201819577464
200.74047247738648
203.7681540142778
213.0316984043559
221.57834357424883
221.9325673722572
212.95434220772168
200.5331606490183
191.03441644903464
190.79218473624817
180.08419219069825
86.73450705486815
179.8480220126633
179.42044089359976
184.75553507853658
189.59863659322323
193.49587278457412
188.72648316186417
184.24321415737336
188.9939350627329
180.35586746663515
83.76306219943189
179.49963606790374
180.96081890326573
191.61780592856124
200.85145111739354
206.6393283558362
204.00809983022546
200.17057747202477
196.6031654091206
194.45767918062546
195.33925739401838
197.52491950053565
196.3819820468722
190.14869527448906
183.9229923672442
180.15544608903096
177.56826931778446
177.08137297912626
178.40840497568664
179.99597361612413
181.19943747598393
181.3602601888818
180.7011933945453
179.83056515252406
179.26999251591985
179.48879103442349
179.92959817314758
180.17115790235977
180.27993936385627
180.09754208883658
179.90071316398843
179.9379466932205
179.98060215524532
180.00119750717272
180.03488653067419
180.00711270651317
179.98135179559003
179.9976603300019
180.00351552701943
179.99996469001488
180.00203448108195
180.0003199600847
179.9981669837806
180.00002343423847
180.00079165949526
179.99986119583906
179.99976110581633
180.00007835841595
180.00004727610548
179.99997582792167
179.999995382162
190.86968908550847
190.67429926255068
190.86429619594875
190.96853065103534
190.92422136643262
191.51879852160573
192.7464096713606
193.90499025155242
195.50023729336655
199.90113031709802
202.1691880924471
206.42074858513135
210.08169716836832
212.78482903128966
215.36617764647093
222.00729442414763
231.3924188850727
232.1740620980249
225.35748874999948
233.1795484482086
253.58744674144327
254.6036138283
253.29171214085002
251.85615971734873
260.0398810923675
253.1581073771724
258.4481031571533
258.34840678216136
259.79041270333096
261.2569270670687
261.8904840954806
262.2297150093933
261.727741188987
259.156617479695
254.16944137991854
247.7026981416279
241.19186182863862
237.26370387880806
237.13295435748697
238.2190173722677
238.4394145386742
236.55028216910415
230.42786161808084
219.37221832085706
206.49581551132894
200.57881949834055
202.7098628038675
197.89373159565125
189.14860617036985
209.96131813727425
189.41546714986734
191.03961710016392
186.6448307671908
183.84662790131358
182.5214156119387
182.28607453123905
182.84250899866848
183.133200385109
183.00720855226834
182.95163254634232
183.22482180292124
183.12944654939764
182.53586403022146
181.5707312437642
180.31041733854593
179.38324258838122
179.19497520055745
179.47424546193417
180.0031117947621
180.40984710041056
180.35377876754157
180.12601673255037
179.92888921242957
179.8043826131198
179.8948395824696
180.0224826714983
180.0444736611394
180.04712139398438
180.01330429402137
179.9732108742913
179.98786589094541
180.00312625190168
180.0021125437699
180.00523256794128
180.0008621346746
179.99567096450454
179.99919283543565
180.00120435126993
180.0001777280321
180.0002752126041
180.00008008529824
179.9996265555177
179.9999771660006
180.00018492467885
179.99997548646726
179.99993861138057
180.00001862628795
180.00001280769285
179.99999368293177
179.99999872364842
173.09311534675496
173.9615750907855
175.68547983914442
176.79539092918932
176.7405350520694
177.03921570833984
177.31437537748513
174.46390403319631
168.72412809965294
165.12190375801745
167.92050192972513
173.9656653427392
187.028666089332
215.0478837980307
184.43790242840004
170.9180960024435
156.94692960286667
158.12096487051676
174.29180273332855
170.80745043274385
129.2816973242064
112.40462803527807
123.74009086622057
108.36622034245318
70.91151874701079
86.5549111416055
65.57508108990336
72.39088370626851
66.91195978531316
63.96224344443751
60.67099313766998
58.24104689648621
59.434465970355376
63.98826411355846
76.7485844780607
110.44088438135361
150.66249609204633
135.817059965595
161.7200369228684
146.1737595239374
139.17806281667131
129.98920390959583
130.67497050937357
158.2799933340718
168.59336326888962
177.3591340337919
172.93451137092177
171.1852260442397
181.4605392953464
184.29856652945793
178.09581374847835
175.77408588004798
177.41741178349028
176.45240701667282
173.71309904280582
173.1223478380781
174.4541745851311
175.39691159473873
175.72996357414183
176.3211524690894
177.05484787077526
177.84043952499707
178.85898670915222
179.68066847201592
180.06302806366358
180.26417663524794
180.31902389900634
180.20120428590664
180.03951019251969
179.8944324517976
179.80911451971295
179.85308813100318
180.0006407536195
180.1052301596465
180.09172335286837
180.03648547610274
179.97725504371252
179.94329090858392
179.9768564892558
180.0123808543543
180.01137490154156
180.0088577173102
180.00163942533942
179.99272971958405
179.99807802510074
180.00253970996772
180.0001852804154
179.9999368533388
180.000144660006
179.99946881913323
179.9999673130562
180.00033978575757
179.99996720604256
179.99987689985517
180.0000293157378
180.00003180266776
179.99998811694846
179.99999433068612
180.0000031198645
180.00000052957174
208.8724105089314
208.7516947794839
209.3043675674931
209.3549906311999
208.9783733233056
210.64377636356974
213.18208296190556
212.7880088414985
211.57006675450623
223.2045483391324
228.0505671233272
229.21697362359313
228.05058253423306
242.97505292554885
230.9271522863905
236.30896356348885
249.7321462389985
248.7110376489079
238.3601287055665
249.26080389421443
257.35554843806415
256.8852297818745
256.7126731121238
257.96125615706745
256.3477549676713
257.33271740885385
255.68125125091473
253.05770110276418
249.71444516999543
250.9769285121207
252.3434935835457
251.68357075268963
253.9238223594888
255.30347742380837
258.50923410115894
258.9317816843763
256.63103110465624
256.5238077967993
257.3084138304308
248.2441247259164
247.0699031571495
250.43880898222895
242.4647500041102
237.00275288267423
231.2419618641545
231.5211495140637
224.6885642541818
213.57002154686555
210.13542070051236
206.78176588082079
202.7481688085528
203.16270675908504
203.63600251381044
204.08706255093782
203.38742331583234
201.87143567703757
200.2365743497737
199.72886834636884
200.53060229681535
199.64113036850117
196.64370869710768
195.85076996358785
186.73089158936756
183.5351140231205
181.1509425909685
179.43421339134818
177.1498200178323
177.41484031134263
179.85489382719265
181.45258092481552
181.37176562790785
180.74210829012043
179.84654693255433
179.18985400479463
179.47988401128194
179.96754162217601
180.17233996387898
180.2733713368994
180.0984804270709
179.8977006162506
179.93728561314134
179.9834815832133
180.0014759381294
180.03393300162986
180.00725141127765
179.98146280588668
179.9974102132184
180.0034475303398
180.00007552964095
180.00213231125227
180.00030566935817
179.99810191578908
180.0000244708352
180.00082118303914
179.9998569321764
179.99975128514927
180.0000813499207
180.00004934217154
179.99997481006
179.9999951761397
197.41900988161646
198.40207106895613
197.17761605021008
196.80697001997538
195.19651237337249
193.89211702079933
192.1545830430237
186.8636967147758
189.34886048027
184.4327874874276
180.162811061516
191.6323944573982
187.98232833764075
193.14075315137333
193.79490925198795
198.97143510853462
195.48778918306022
185.4905458888987
175.47121405466896
208.9497616181084
191.98180810953508
194.049121953382
194.1505070214467
190.5156733998756
192.9459100711964
194.19299871041477
192.42938992009965
187.33944610268264
171.6789743349815
196.34205497619874
190.36615622328378
194.5740368530094
193.69831173334435
196.3239106615405
196.49148910264265
199.42900144832183
198.04037570142643
190.63189935319505
196.16625262742767
196.60308429043044
197.85085082006233
195.61258897769218
190.30451173531625
192.35898656540226
189.13194681369924
190.00928338326796
188.61076194951636
189.13495538504282
194.26060186357597
194.8299867946236
204.55488317586244
197.97615992968773
198.44870743012603
197.7829915436477
197.89557957421448
196.66891928125744
195.867098559364
197.55447926770535
198.45314797462368
197.79669247322866
194.60540130844848
197.14872672955102
184.6224456272893
181.60464635342117
180.97123060455561
180.17176656140745
178.0938969148091
177.9756988173615
179.46308418046723
180.69140203932767
181.37627675269127
181.12553834390323
179.8147192899524
179.04343220854045
179.55056827345211
180.0435697296935
180.14407900215778
180.236078374447
180.09564371440138
179.90553846199742
179.9409023330878
179.98663430102803
180.00188078729198
180.03064894818914
180.00651982944393
179.98282238408055
179.99761721461633
180.0033703796001
180.00006746697508
180.00184649467235
180.00029518710303
179.99829891403866
180.0000124225944
180.0007431025231
179.99987260687234
179.99977365086346
180.00007367779367
180.0000450457302
179.99997705581933
179.99999559044636
196.23996981512744
195.8761092255166
195.92862847139855
193.75638528940294
188.85997844561092
185.14731881992682
183.89199735353358
183.05976830577688
182.56288707864988
182.9977846792377
184.14978069255056
186.87741395912084
190.59405041216644
191.38606824533738
188.93405247809207
189.1467420553928
191.55713154733638
186.06890267287082
190.9926879730796
201.69649843705864
204.83745088934594
206.78043851294535
205.52860455008957
208.27401972913074
207.60962205070274
207.9773236066682
212.42146426489433
212.4424437906185
208.07849655086306
208.5498884497838
214.23174326756117
216.89970783799208
214.88624141041072
214.1721429126612
214.8293243471113
212.79534821767712
208.5507331213655
205.29519353755137
203.5537209534239
201.9622465349548
200.84357616405717
201.53437831501947
202.89380150416693
200.97671771659589
199.68563546253102
196.3638651487431
193.5011585051293
190.15309034437024
188.3414291884186
187.2248809267077
183.8410820064555
186.98994203627237
188.34576775812272
191.26294088457024
191.74970613293854
191.8115566549928
191.5238082562136
190.86338242675075
190.45308232192033
190.11096019543854
189.87720509467545
190.49300577903037
183.09599598405475
180.46758982201834
180.47433229076623
180.20677312412394
179.061121925029
179.0261003857621
179.68703840329454
180.2448576043397
180.7156372261911
180.64784964152395
179.92598059135776
179.49972594895016
179.74391981966454
179.99446218540578
180.0820104370399
180.14763870618566
180.05188233628624
179.94134487191772
179.96704614675758
179.99310522420646
180.0016716121931
180.01844778462643
180.00348378675216
179.9893322397852
179.9984882770741
180.00217593827963
180.00012429363915
180.00109800478677
180.00017705303256
179.99895660296067
179.9999986287541
180.0004640177891
179.9999234019624
179.99985646545156
180.00004614050152
180.00002882764124
179.99998540644984
179.99999716821006
169.30671288406404
168.80868369295717
167.59391988102863
166.37716437946617
165.91894833121117
167.34205321121823
169.85278556481325
168.65571503328775
149.60067858037596
164.70187622124666
164.35867687046542
160.29283328386276
151.2675735852463
158.23229827178204
161.3562115584848
157.14408480647052
162.26564356551674
160.45733868446837
157.7926178244691
157.58467839633445
158.85274864689245
158.69214003175088
156.83707395130008
156.22239613343902
157.48008788652075
157.95007173889582
157.42231908296458
157.27052473082136
157.44612576256392
157.41753517199803
157.4106003656216
157.7169227057288
157.37871162630796
157.33602287376067
157.2467300526136
156.92155095415995
156.7129748424595
157.9259697423907
158.0260120963085
160.50167098660333
163.33514359856025
163.04869292779125
159.6119114981285
159.84512531201946
147.57004368713757
147.51902559071007
154.6309654308006
161.7767856055604
166.6564038858761
176.4920486678965
173.11172465294362
173.07290767613625
171.91115572105525
170.86249515243995
170.8001002458501
172.40014011872915
174.67931114713335
176.0439803698007
175.77911101749018
175.5138866024325
176.02151379125473
176.71224137410633
177.7791812001724
179.00382736284888
179.86036062595943
180.40063438015352
180.5662281976399
180.36214520786208
180.02033951909135
179.75765874815372
179.72821038863867
179.85724785499218
180.03535809959467
180.1511453345888
180.0989345461935
180.00750491584827
179.96515848929405
179.9464970673781
179.9826049096846
180.02148096325445
180.01232204429505
180.0023544938563
179.9988381031935
179.99293583784177
179.99882173876705
180.00422086208178
180.00069452162805
179.99915879476583
179.9998796873907
179.9995221808202
179.99993928643266
180.0004445240259
180.0000017570355
179.99980036464078
180.000032018661
180.0000625842898
179.99998009029483
179.9999873252955
180.00000638284155
180.0000012487273
163.92076193605064
162.83098829238952
160.20426200893556
155.29814363867553
150.8734803895675
149.06363006460163
148.62735508654706
143.80323521160258
146.60082057394692
144.29694826545978
142.8535437025117
143.9635218266986
147.17282519463885
144.83335438289282
138.05480717356747
142.3342923484556
140.98338003909876
138.8362911662126
141.8909796294738
145.1020905415836
141.33303489999565
138.23967925594658
145.09778189662526
146.29642081787935
146.27868719835428
147.96569508245904
151.05270709925713
149.01807803243017
144.59804398286337
148.74919703772795
153.21938579498973
150.72819864692227
150.71127579071472
148.27754736633963
148.96311196346008
146.1466581228396
140.59357691081374
140.3034077526156
144.54581897593562
140.85227832811518
146.7661727194177
151.4199120862047
148.5149952097818
149.13990895969297
148.95861990744467
148.3576799364096
150.11573274944573
152.14952974099717
151.70192250893126
154.33706351421446
155.30943876517972
157.20315592670082
158.467005891558
159.57269890939637
160.33027910274387
160.7628293930403
160.91810202843132
160.7046631064324
160.72325112239938
162.7258072522673
166.59493721164978
168.7846955215378
176.8095589507396
179.58217754662752
179.61542948513952
179.64697631844425
180.91105122374296
181.11095071474665
180.3648684417824
179.7766819468501
179.2776971189575
179.25784346436748
179.94777764068263
180.46330337899434
180.39302878912872
180.16397531733847
179.88870644742835
179.7341672236887
179.9216638400921
180.08419440115827
180.04317518007045
180.01865519329272
180.0034955472491
179.9724902458241
179.99317690315016
180.01291378134744
180.0016243293745
179.9983119816753
180.0001537716243
179.9980692397118
179.99981046246353
180.00148506778132
179.99993348986553
179.99939655699595
180.00011773373646
180.00017413697338
179.99994070195442
179.99996645248137
180.00001748132004
180.00000324090612
