167.83
165.84
167.73
165.82
166.36
166.72
164.76
164.36
164.24
164.54
163.86
163.58
163.25
164.36
163.95
162.81
162.31
163.43
164.05
164.1
164.66
166.06
165.25
165.36
165.68
166.98
162.73
162.81
164.49
163.9
164.9
166.55
167.24
167.95
167.11
165.95
168.36
168.37
169.09
169.2
166.58
166.54
165
166.11
163.93
165.23
165.14
165.72
165.75
165.32
165.91
166.23
165.47
165.63
165.91
165.86
165.71
165.59
166.02
165.68
166.01
165.7
165.42
165.77
164.29
164.74
165.54
165.85
170.2
167.74
167.25
180
180
180
180
180
180
180
180
180
180
180
180
180
180
180
180
180
180
180
180
180
180
180
180
180
180
180
180
180



































































