172.62
173.53
173.01
176.29
175.99
170.57
174.99
174.42
175.97
175.67
175.29
180.15
174.98
175.61
176.09
175.6
174.54
170.41
168.99
172.04
175.41
176.5
176.82
177.48
179.09
179.9
178.94
178.12
177.98
177.73
175.25
177.98
178.88
178.32
178
179.67
180.22
183.93
177.06
173.85
171.15
170.26
176.01
178.18
182.77
179.3
174.87
173.43
172.73
174.66
176.56
174
173.4
173.43
172.19
176.67
176.92
175.37
173.6
173.73
171.22
174.61
174.03
174.94
175.83
175.39
175.25
174.99
174.43
173.83
174.98
174.42
180
180
180
180
180
180
180
180
180
180
180
180
180
180
180
180
180
180
180
180
180
180
180
180
180
180
180
180