170.72
172.32
172.55
173.63
174.12
173.24
173.14
173.11
172.61
173.29
174.31
176.2
174.83
174.31
185.98
178.38
161.79
169.86
168.84
168.95
170.9
172.17
168.68
169.52
169.96
170.82
168.2
167.32
167.11
173.45
173.13
174.94
173.24
173.23
175.55
172.31
174.8
175.56
174.97
171.82
173.4
169.65
170.6
174.28
169.08
165.95
168.1
169.23
169.05
169.04
168.44
169.85
170.21
167.18
168.32
167.7
168.63
170.75
169.76
169.83
170.12
168.38
168.98
169.47
170.03
170.24
170.89
170.54
170.61
173.53
172.06
180
180
180
180
180
180
180
180
180
180
180
180
180
180
180
180
180
180
180
180
180
180
180
180
180
180
180
180
180