175.21
175.12
174.97
175.21
175.78
176.82
175.54
175.31
176.3
176.42
178.37
184.3
176.63
176.25
175.69
178.63
179.34
180.84
179.82
173.68
177
175.5
178.45
180.1
181.19
181.67
180.22
180.92
182.85
179.59
180.26
178.95
178.04
178.55
182.2
181.07
177.26
178.48
172.03
166.05
167.24
174.87
167.32
168.5
170.16
172.03
169.68
170.53
170.28
172.43
173.18
173.04
173.26
171.17
172.23
172.55
172.56
172.43
173.85
171.3
171.58
173.25
173.64
173.64
172.77
173.87
173.86
172.1
180
180
180
180
180
180
180
180
180
180
180
180
180
180
180
180
180
180
180
180
180
180
180
180
180
180
180
180
180
180
180
180