194.5
194.21
194.62
195.02
195.43
196.77
195.48
195.32
195.17
195.53
194.85
195.53
196.24
196.44
194.5
194.87
195.38
194.32
194.51
194.09
194.98
195
194.32
194.18
194.45
195.21
195.67
197.11
195.89
195.84
195.34
196.21
196.44
196.56
195.75
195.04
195.79
195.31
195.23
195.99
195.44
196.6
195.82
194.44
194.96
196.05
195.61
194.77
194.64
195.86
196.34
196.16
195.9
196.74
196.29
195.68
196.72
196.69
196.45
196.82
197.15
197.54
197.95
180
180
180
180
180
180
180
180
180
180
180
180
180
180
180
180
180
180
180
180
180
180
180
180
180
180
180
180
180
180
180
180
180
180
180
180
180