194.46
195.52
195.99
196.16
196.05
195.83
196.18
195.77
196.41
196.49
196.51
195.81
195.89
196.45
195.47
195.78
194.99
195.61
198.38
195.93
195.46
193.57
196.59
195.8
195.36
196.24
195.03
194.71
192.43
194.25
194.8
195.26
194.2
194.02
194.72
193.97
194.14
194.57
194.98
194.44
194.26
193.99
192.85
193.16
193.55
192.97
193.9
194.53
193.69
194.33
195.42
195.01
194.63
194.23
194.67
194.6
194.76
195.18
196.23
196.11
195.94
196.06
196.17
195.9
196.1
196
180
180
180
180
180
180
180
180
180
180
180
180
180
180
180
180
180
180
180
180
180
180
180
180
180
180
180
180
180
180
180
180
180
180