186.06
187.29
187.1
186.06
185.06
185.68
185.63
187.04
186.7
187.69
188.02
185.44
188.92
185.92
186.88
187.73
186.84
188.74
184.62
188.95
187.87
189.16
190.34
188.58
188.93
188.19
188.27
191.15
194.21
191.85
195.87
192.84
192.63
191.93
191.04
191.93
192.6
191.23
187.66
188
187.79
186.33
183.84
185.84
186.7
186.57
188.13
188.3
188.93
187.2
186.56
182.82
180
180
180
180
180
180
180
180
180
180
180
180
180
180
180
180
180
180
180
180
180
180
180
180
180
180
180
180
180
180
180
180
180
180
180
180
180
180
180
180
180
180
180
180
180
180
180
180