174.6
173.9
175.46
174.31
176.29
175.03
173.15
173.98
175.48
175.18
175.46
176.12
175.79
176.03
175.07
174.77
175.21
175.01
175.41
175.86
175.59
176.27
174.83
177.88
176.11
178.07
177.06
176.03
177.21
176.61
178.64
175.64
177.63
175.41
176.8
173.68
178.4
182.43
176.44
177.36
178.58
171.12
175.28
174.26
175.42
173.19
174.53
176.12
177.84
177.18
172.56
166.88
167.91
166.17
165.95
170.64
176.08
180.72
175.81
174.31
174.8
174.38
174.56
174.18
174.91
174.63
172.41
171.93
173.03
171.56
173.54
174.2
175.79
180
180
180
180
180
180
180
180
180
180
180
180
180
180
180
180
180
180
180
180
180
180
180
180
180
180
180