168.59
175.62
174.89
175.89
174.42
174.15
174.84
177.14
177.24
182.38
181.43
180.99
182.04
183.49
179.5
178.88
190.37
193.16
208.75
212.27
206.99
206.08
211.49
207.83
204.85
205.82
203.4
202.64
201.01
201.58
202.73
199.87
205.22
198.29
202.06
199.34
201.54
201.48
202.02
205.1
208.33
206.09
209.46
210.91
189.14
211.29
209.85
211.49
197.7
202.82
200.94
199.6
200.21
198.97
195.56
190.44
188.48
186.22
187.31
185.19
181.95
182.02
181.2
180.69
178.98
178.56
180.58
180.72
180.76
180.28
179.9
180.25
180.36
180
180
180
180
180
180
180
180
180
180
180
180
180
180
180
180
180
180
180
180
180
180
180
180
180
180
180