196.36
199.56
194.96
204.87
235.1
173.75
204.27
201.27
209.93
192.12
196.86
214.66
229.15
211.39
194.86
216.02
206.04
222.12
214.83
224.39
223.5
216.01
216.47
231.88
220.55
217.39
206.89
196.38
223.41
226.75
195.59
204.58
228.62
215.57
205.35
197.9
202.65
201.14
207.2
198
195.17
200.98
204.67
199.01
202.23
203.46
200.09
198.9
199.1
201.46
201.07
200.76
199.44
199.4
180
180
180
180
180
180
180
180
180
180
180
180
180
180
180
180
180
180
180
180
180
180
180
180
180
180
180
180
180
180
180
180
180
180
180
180
180
180
180
180
180
180
180
180
180
180