201.36
201.72
201.94
201.73
202.55
203.09
202.36
204.44
215.29
206.45
199.95
215.04
206.77
204.34
209.64
210.77
208.06
209.51
198.13
214.9
204.96
224.38
226.11
230.45
223.2
222.63
228.32
227.45
226.04
224.53
223.46
215.47
213.46
211.18
191.9
214.11
234.03
219.41
210
206.15
214.64
213.16
200.76
195.39
209.46
201.78
202.4
202.73
204.62
205.65
206.1
180
180
180
180
180
180
180
180
180
180
180
180
180
180
180
180
180
180
180
180
180
180
180
180
180
180
180
180
180
180
180
180
180
180
180
180
180
180
180
180
180
180
180
180
180
180
180
180
180