201.2
200.05
200.48
199.16
197.53
198.89
201.15
200.74
203.1
203.17
205.22
199.75
196.09
209.8
194.65
220.19
202.65
203.44
201.38
206.08
198.44
212.7
213.1
205.97
231.43
206.82
208.42
209.4
229.48
208.86
211.86
212.52
220.67
218.78
218.72
224.37
216.37
224.53
219.24
217.41
220.61
215.59
203.72
196.13
199.25
222.6
213.33
214.49
209.41
208.28
201.92
202.47
200.19
193.38
201.39
199.62
192.41
200.54
197
197.3
200.34
200.51
198.18
195.26
198.74
198.85
198.4
197.84
199.09
180
180
180
180
180
180
180
180
180
180
180
180
180
180
180
180
180
180
180
180
180
180
180
180
180
180
180
180
180
180
180