195.79
195.56
196.21
194.71
196.87
197.66
193.26
198.41
199.59
197.36
201.4
209.27
200.45
185.74
211.97
202.84
202.62
209.13
200.23
205.5
220.13
196.85
197.15
221.09
203.13
214.76
201.74
226.79
215.89
213.43
212.43
219.48
216.75
221.68
216
215.18
218.35
216.21
209.39
198.51
195.59
214.79
211.47
219.72
219.11
215.58
202.55
198.28
198.51
208.23
205.36
199.97
196.68
196.84
199.85
200.46
198.07
198.26
198.67
197.29
194.29
196.94
197.52
180
180
180
180
180
180
180
180
180
180
180
180
180
180
180
180
180
180
180
180
180
180
180
180
180
180
180
180
180
180
180
180
180
180
180
180
180