177.26
179.86
177.18
174.76
177.06
178.01
176.29
176.33
178.1
174.71
177.92
181.06
178.02
176.46
177.21
181.28
182.95
190.03
188.76
190.6
192.89
192.49
205.28
209.96
201.11
202.94
222.93
240.04
217.48
222.57
247.84
262.83
240.62
253.73
260.76
256.53
248.53
253.38
258.79
258.57
251.71
247.74
254.22
248.85
249.74
244.07
238.1
247.16
235.33
240.29
234.5
236.75
241.33
238.53
248.09
241.38
234.1
238.67
243.71
242
232.33
233.59
240.05
240.18
228.32
239.81
244.7
243.24
248.35
259.83
265.74
262.88
244.12
251.92
253.69
255.34
262.56
244.15
233.94
233.93
230.88
220
212.11
213.11
199.83
203.57
189.98
193.03
183.25
178.9
178.77
175.66
179.31
173
174.7
179.39
180.59
180
180
180

