162.22
162.79
163.39
163.01
161.54
161.01
162.68
161.67
159.87
162.94
160.92
159.97
162.73
162.95
164.48
158.04
151.33
159.93
155.69
145.93
149.27
157.81
160.61
168.68
157.63
161.14
154.16
147.59
175.48
169.21
164.83
152.97
147.98
149.26
151.24
147.7
150.76
151.77
149.62
150.21
145.21
144.7
146.58
150.58
152
148.85
149
149.05
147.03
145.3
148.78
151.68
149.77
145.1
144.15
161.11
150.3
140.1
139.8
136.81
147.54
145.89
146.3
147.71
147.44
146.5
147.3
148.13
145.97
144.72
145.1
144.16
149.87
159.78
147.48
145.1
154.19
156.09
151.42
146.11
150.69
157.45
162.05
147.69
153.5
156.22
156.35
155.53
168.3
162.4
172.66
165.19
164.89
165.94
170.24
163.03
160.65
180
180
180

