157.61
155.87
148.94
157.44
161
166.39
167.59
166.09
166.45
165.25
164.99
165.96
166.63
167.55
168.64
167.81
167.64
167.43
169.42
169.61
164.61
161.48
172.25
169.38
168.86
165.21
171.04
172.41
173.16
169.51
179.25
174.42
173.37
176.76
180.59
180.94
172.26
184.69
183.24
166.69
183.4
190.08
182.25
179.3
182.73
185.81
182.67
179.18
185.73
188.54
184.56
182.76
184.31
187.14
180.97
184.61
187.42
185.25
174.56
180.2
180.98
182.45
177.76
180.54
177.51
178.39
180.35
175.4
179.71
177.06
179.36
180.94
181.12
172.56
173.6
169.87
172.62
164.6
154.88
162
151.94
173.31
167.51
160.31
170.27
175.92
172.66
172.66
172.66
173.02
173.37
180
180
180
180
180
180
180
180
180
