162.73
163.06
163.55
162.5
163.6
161.86
161.98
164.73
161.24
161.55
165.47
162.02
164.81
160.68
155.15
164.41
168.54
161.36
165.89
169.39
163.37
162.49
165.99
170.8
177.4
174.51
174.14
175.03
176.86
180.7
174.77
180.87
182.26
183.01
183.43
178.73
183.56
187.17
187.36
175.97
186.89
188.34
185.17
184.96
183.22
187.31
185.83
186.23
186.86
188.23
188.1
187.47
186.25
186.86
189.29
187.19
178.84
175.36
177.37
177.02
165.64
163.6
163.18
167.83
163.9
155.49
153.25
164.46
161.77
152.78
156.54
164.08
158.87
152.48
156.33
159.76
161.38
153.75
152.38
156.45
158.53
161.48
161.97
163.17
158.35
161.14
161.93
161.85
162.92
160.76
161.89
161.62
159.99
159.62
180
180
180
180
180
180



















