187.09
187.75
187.81
188.45
188.2
187.78
189.02
188.85
188.18
191.94
195.64
187.97
191.01
194.82
191.53
189.46
193.7
191.6
192.15
189.87
181.72
187.95
189.81
193.06
186.34
188.82
196.08
195.02
198.79
198.96
199.53
198.73
204.7
206.25
205.11
206.55
210.88
212.67
206.96
204.49
211.85
211.36
209.2
202.43
198.29
207.63
209.25
205.66
190.36
197.29
191.08
188.2
190.67
189.3
188.29
189.94
191.61
188.91
183.24
188.81
193.49
192.21
184.18
186.07
187.32
186.15
185.93
184.46
185.68
185.85
185.22
185.44
185.24
185.77
180
180
180
180
180
180
180
180
180
180
180
180
180
180
180
180
180
180
180
180
180
180
180
180
180
180

