205.46
203.84
203.25
201.02
200.89
199.24
200.38
200.61
200.02
199.86
200.48
200.14
200.42
201.36
199.07
195.81
199.06
198.93
197.93
200.4
201.44
208.36
203.34
210.44
219.98
219.94
219.74
224.1
239.97
231.15
238.86
249.35
253.17
246.05
267.95
254.67
244.18
265.92
258.66
263.78
233.37
247.23
265.86
269.1
213.92
258.31
252.91
253.59
241.91
227.11
232.28
243.87
247.02
230.94
236.4
243.65
258.56
266.13
254.63
256.34
261.3
257.76
260.25
249.75
241.33
237.46
220.39
235.23
237.99
226.59
223.28
221.88
216.36
212.32
213.36
209.18
205.65
204.29
204.73
201.32
201.8
198.93
199.09
199.44
197.89
199.49
198.99
198.38
198.63
197.36
197.2
196.82
180
180
180
180
180
180
180
180














