203.13
203.59
204.49
202.89
203.23
201.13
201.67
201.4
201.03
201.8
201.71
201.33
200.89
201.59
200.87
202.47
200.36
201.58
202.19
202.88
205.89
207.69
217.93
226.15
243.74
231.76
234.91
243.18
252.28
253.32
252.91
251.73
256.13
256.52
247.53
254.03
240.67
247.16
240.95
238.51
207.98
222.68
235.13
233.81
206.15
219.06
215.65
223.52
211.44
211.93
213.81
221.75
215.53
210.19
213.88
218.55
233.01
242.36
233.79
233.31
241.27
256.06
249.75
258.38
246.5
237.51
240.45
245.13
234.65
229.35
220.96
228.98
222.65
216.85
217.46
209.42
209.57
204.6
203.36
200.39
199.38
196.86
197.38
194.96
195.85
195.78
196.39
195.92
195.35
195.75
194.19
194.94
180
180
180
180
180
180
180
180














