157.55
162.46
162.73
164.66
164.12
162.85
161.62
161.56
161.98
162.1
162.56
162.73
161.68
162.79
160.8
163.67
164.82
166.06
163.16
153.19
156.03
153.07
168.08
171.54
158.64
174.09
179.86
185.86
179.55
171.64
169.04
195.09
193.67
187.73
160.13
168.1
185.07
177.68
173.74
182.65
184.27
176.64
173.8
180.06
184.1
180.42
179.98
182.82
183.32
183.82
183.28
183.04
183.96
184.38
185.72
184.82
184.03
184.1
183.84
185.23
185.11
185.19
178.49
180.65
181.01
177.69
169.93
173.64
170.03
165.17
162.59
162.57
160.36
163.14
167.62
157.56
165.69
163.02
164.76
166.6
158.24
166.44
164.46
169.18
168.68
166.27
166.43
167.59
165.35
167.63
166.05
167.81
167.22
180
180
180
180
180
180
180




















