170.44
164.5
162.21
163.26
172.03
157.77
153.82
160.58
160.55
151.5
119.55
144.12
152.44
114.3
112.25
112.53
80.28
34.67
105.81
35.63
34.07
54.2
40.93
57.07
42.05
52.2
43.14
35.28
30.92
40.46
44.14
30.71
38.35
48.98
32.47
32.84
37.43
31.18
38.47
36.87
37.45
38.41
41.81
33
39.27
36.27
36.47
32.32
37.56
38.25
42.27
41.04
39.72
34.54
42.46
38.86
52.34
83.81
92.86
76.04
74.08
146.46
211.5
227.51
118.42
142.82
163.48
170.77
165.73
164
167.38
165.77
170.78
180
180
180
180
180
180
180
180
180
180
180
180
180
180
180
180
180
180
180
180
180
180
180
180
180
180
180

