188.91
192.57
187.99
193.44
189.2
184.82
184.77
185.91
182.49
182.98
182.55
183.02
184.54
185.2
186.36
187.54
186.82
184.97
188.65
185.44
184.73
186.61
187.35
191.81
189.51
184.81
186.1
189.11
187.88
188.89
190.88
189.27
188.77
196.87
188.63
179.7
169.21
177.96
133.72
169.76
192.58
171.89
182.57
202.32
86.63
314.98
43.15
2.6
26.1
35.59
336.12
3.02
39.21
4.56
7.04
12.32
17.7
13.47
10.13
9.43
10.05
2.69
12.17
9.88
9.9
10.63
11.43
12.64
11.61
13.53
19.56
15.42
17.82
286.78
45.61
22.33
147.66
163.65
228.57
128.6
194.66
193.8
180.21
187.95
186.02
186.87
189.04
191.28
192.83
193.12
192.49
199.04
191.59
195.52
194.1
192.12
193.32
191.85
191.94
180

