184.22
181.77
180.55
179.75
181.75
177.44
178.64
171.97
177.19
175.98
176.02
172.74
172.92
171.65
170.76
171.49
168.68
169.54
169.59
171.07
172.89
170.51
169.94
171.42
172.77
174.72
174.68
173.34
174.2
173.66
174.32
173.98
176.4
167.62
167.43
173.77
173.96
170.65
172.97
160.35
170.67
179.83
166.83
161.86
158.55
188.64
167.1
166.46
172.55
161.28
161.91
161.07
150.46
162.8
158.3
159.36
165.42
163.96
160.28
163.21
163.84
158.6
165.8
164.91
159.34
159.38
162.51
160.16
164.97
168.64
171.24
153.56
149.98
152.8
162.73
155.77
148.34
144.39
150.2
156.58
156.81
155.73
160
166.36
165.15
170.84
169.65
173.52
175.27
176.51
175.87
175.06
178.62
178.28
177.83
178.06
178.6
178.93
177.8
180

