179.38
180.64
182.42
183.8
181.99
182
182.69
179.86
172.8
176.77
182.85
180.45
178.4
181.95
178.41
176.26
176.99
168.38
168.07
163.08
164.81
170.82
163
160.98
157.09
164.96
160.16
181.46
149.19
145.64
145.18
128.81
340.94
82.11
34.01
339.31
87.19
351.65
349.64
27.45
343.51
331.95
344.03
342.39
338.5
342.7
343.08
336.61
341.38
341.95
338.72
337.69
328.64
345.01
350.37
348.23
330.27
182.69
33.02
0.33
318.68
170.22
170.49
149.25
149.07
171.21
177.95
144.81
150.56
207.88
184.11
186.49
176.67
178.5
186.01
183.43
186.03
174.41
178.71
180
180
180
180
180
180
180
180
180
180
180
180
180
180
180
180
180
180
180
180
180

