190.99
189.04
190.8
189.54
187.62
188.96
190.65
192.33
191.28
189.5
192.44
191.92
197
204.41
199.26
188.3
186.6
182.51
178.25
175.55
167.19
172.48
179.66
162.72
168.7
165.36
182.91
175.6
168.27
173.7
154.41
177.68
172.33
162.3
142.24
156.8
172.05
155.48
139.84
151.82
147.26
153.2
147.68
139.14
138.16
127.17
75.31
132.29
146.45
132.3
134.05
151.91
135.44
130.65
135.16
148.38
144.77
143.17
170
164.81
179.55
173.23
169.33
166.02
173.7
155.04
168.28
170.88
175.68
177.75
172.87
175.72
173.71
170.72
192.15
185.91
196.97
194.35
188.23
183.29
187.92
195.34
180
180
180
180
180
180
180
180
180
180
180
180
180
180
180
180
180
180

