160.69
158.67
159.96
158.34
159.24
159.74
159.76
159.88
160.42
159.15
161
162.06
159.79
154.37
155.5
159.38
159.02
156.66
158.43
155.46
154.76
144.57
153
154.07
151.83
149.76
156.03
152.99
157.89
151.41
151
153.32
159.42
155.81
154.79
161.4
150.75
155.66
155.33
156.84
154.72
151.97
154.72
151.22
151.26
153.23
155.88
151.09
151.36
155.18
154.31
151.99
152.55
154.11
153.94
153.3
151.39
150.79
148.63
161.53
155.66
158.08
156.38
153.48
155.17
155.05
145.98
147.15
159.49
160.3
157.81
153.59
156.14
149.49
162.93
157.13
153.48
159.86
166.09
167.92
161.09
158.27
180
180
180
180
180
180
180
180
180
180
180
180
180
180
180
180
180
180

