195.12
190.29
194.34
192.2
191.57
193.95
193.29
192.41
193.28
190.86
190.42
195.43
191.47
197.12
179.69
193.02
191.83
190.56
193.84
190.58
189.89
196.54
193.82
188.77
189.32
202.51
187.51
188.81
200.43
193.16
187.39
187.65
183.55
194.76
202.7
184.07
197.91
187.93
186.11
189.23
181.27
192.89
178.14
181.98
183.08
185.5
182.55
185.42
179.54
184.36
183.85
188.15
184.27
183.02
184.92
185.95
186.69
184.93
185.22
180.58
179.14
181.88
186.49
188.84
199.78
187.3
183.36
183.18
186.95
183.15
183.01
189.45
195.8
185.26
196.92
205.27
190.89
195.43
195.98
196.2
196.74
194.79
200.57
194.48
200.22
199.71
190.46
200.45
196.07
199.7
193.9
195.45
194.31
180
180
180
180
180
180
180




















