160.59
159.42
160.59
158.97
160.53
160.83
158.81
163.85
164.24
159.16
164.09
165.88
166.38
167.54
163.1
162.28
164.13
157.88
160.39
163.48
166.95
170.66
147.06
152.89
158.04
169.72
164.21
163.25
166.59
168.31
165.56
175.38
179.72
181.94
175.71
185.5
190.63
183.61
184.92
185.08
192.29
189.71
190.61
192.58
188.59
191.8
190.7
188.68
190.27
192.45
190.75
189.86
187.09
189.47
185.61
187.02
186.72
189.21
184.43
174.45
167.75
174.61
174.91
171.17
161.88
160.1
156.53
148.49
150.51
147.99
142.19
141.52
147.8
154
158.92
152.87
148.46
141.21
162.36
155.78
153.91
136.8
159.49
165.44
157.53
152.29
180
180
180
180
180
180
180
180
180
180
180
180
180
180

