182.71
182.58
182.87
182.87
183
182.59
181.47
179.3
180.61
178.26
180.06
178.72
177.6
178
176.21
176.99
178.95
176.85
171.19
172.97
169.17
181.7
182.14
183.59
183.77
184.31
179.13
182.73
183.64
184.47
186.87
187.46
183.42
192.11
187.75
191.71
193.9
190.83
189.95
187.76
187.15
186.99
186.63
188.37
184.15
184.03
181.92
183.02
183.5
183.44
184.03
183.73
183.9
184.71
184.62
183.97
181.94
181.51
180.9
182.56
184.23
183.34
179.52
180.58
180.95
182.02
182.3
182.76
182.09
181.02
181.88
182.26
183.18
181.23
179.73
178.83
176.32
180.2
180.83
176.26
175.62
175.96
178.24
180.26
176.47
178.33
180
180
180
180
180
180
180
180
180
180
180
180
180
180

