175.67
176.16
175.51
176.15
176.44
175.61
174.98
175.65
177.09
174.22
182.64
177.26
179.93
181.1
183.34
184.58
192.03
189.03
191.64
193.74
192.67
200.15
200.53
206.06
211.87
215.36
217.62
236.33
223.02
252.13
253.14
259.94
257.15
261.15
261.64
264.58
265.48
263.05
236.8
230.1
247.09
249.49
239.57
243.9
237.34
238.19
225.57
233.58
241.75
226.61
231.58
236.9
236.29
237.89
234.61
238.15
247.23
254.03
245.59
240.71
252.92
266.72
265.2
266.38
261.84
254.48
238.72
239.67
246.47
239.1
228.25
227.5
219.99
215.8
213.41
211.94
207.04
204.77
202.72
197.23
194.39
193.9
191.47
190.56
184.4
180.98
181.95
183.62
180.45
182.88
185.09
170.16
173.33
180
180
180
180
180
180
180




















