183.98
184.45
184.03
183.63
183.56
185.26
186.58
188.5
191.11
187.21
183.4
189.11
188.75
190.79
193.38
190.81
191.6
191.61
208.46
188.2
197.42
196.42
198.47
193.43
207.28
198.14
205.3
210.45
173.86
216.43
198.81
203.52
207.9
207.16
209.65
201.07
204.15
203.32
207.43
202.89
205.12
210.66
207.93
205.56
206.8
206.32
207.91
206.16
206.47
207.74
206.95
206.68
207.33
206.9
206.88
205.97
204.99
205.35
210.71
212.69
207.36
205.95
196.13
198.88
193.15
195.89
206.95
204.38
203.31
197.27
195.33
192.37
191.72
195.23
189.6
189.2
187.45
193.12
193.92
190.46
194.13
192.96
188.65
191.33
191.93
193.32
191.36
187.04
189.56
186.92
190.17
191.82
188.38
180
180
180
180
180
180
180




















