189.18
190.02
192.69
190.16
193.61
198.63
183.6
192.48
185.78
193.55
183.99
191.03
185.93
181.89
184.97
185.48
179.54
190.58
186.43
188.39
180.07
206.33
195.53
175.59
197.24
205.25
183.5
178.06
192.01
179.2
194.79
194.38
183.41
185.07
200.12
194.13
209.78
194.31
189.78
190.78
195.2
189.95
191.98
198.92
196.54
179.68
175.23
195.09
192.19
191.84
184.07
185.06
192.21
188.95
184.22
208.63
259.94
180.97
190.2
186.1
190.85
204.51
197.11
189.92
190.65
193.16
192.32
190.52
188.32
189.13
191.37
190.8
180
180
180
180
180
180
180
180
180
180
180
180
180
180
180
180
180
180
180
180
180
180
180
180
180
180
180
180



















