163.01
159.22
161.1
161.1
137.59
143.97
145.87
153.89
139.75
177.42
187.28
150.28
166.97
101.64
95.23
87.33
55.11
42.41
61.89
73.83
71.59
49.64
54.93
57.34
41.06
34.89
38.75
26.53
31.8
34
46.13
28.18
24.55
37.08
30.47
26.9
20.99
29.2
35.62
33.09
27.15
28.58
34.66
33.2
61.36
106.39
144.95
118.65
23.75
62.09
107.59
160.12
163.9
188.63
139.95
169.83
139.75
107.45
144.38
162.02
160.16
159.56
164.14
163.44
158.94
157.75
163.4
157.81
158.99
159.86
159.09
159.77
180
180
180
180
180
180
180
180
180
180
180
180
180
180
180
180
180
180
180
180
180
180
180
180
180
180
180
180



















