178.03
177.65
178.61
178.25
179.47
176.96
179.65
182.28
178.89
183.02
177.85
175.25
175.75
181.11
168.94
166.83
183.88
191.92
116.51
139.09
171.42
181.79
174.88
159.45
184.12
201.88
203.48
187.48
208.48
208.25
200.06
205.03
211.25
216.36
221.93
218.44
215.19
217.1
215.9
218.03
223.28
224.41
222.03
221.36
227.47
222.84
216.07
220.18
217.2
216.07
217.51
217.58
217.35
219.94
222.41
220.43
216.47
222.91
220.15
216.01
212.32
202.75
198.57
199.93
191.15
183.04
181.28
183.08
182.39
181
180.41
187.42
181.87
177.11
147.63
145.31
172.35
172.26
153.5
157.28
173.61
161.57
159.41
167.23
169.07
162.46
166.04
177.98
174.25
172.12
176.4
180
180
180
180
180
180
180
180
180

