176.15
174.75
175.78
173.76
173.58
173.07
173.73
168.56
173.09
170.97
162.92
155.22
152.44
157.77
168.77
160.65
146.88
149.59
139.65
141.27
119.87
150.16
124.16
124.01
129.58
102.56
58.49
74.28
61.09
59.29
31.84
54.73
55.82
35.04
15.97
13.82
24.23
25.29
15.64
12.29
6.59
22.39
22.59
15.95
17.97
19.42
20.36
21.15
20.33
21.01
20.66
20.58
19.85
21.93
22.69
27.46
21.12
23.58
26.03
33.14
35.99
35.8
47.2
34.08
28.99
37.26
81.55
115.43
114.83
131.37
130.12
130.31
134.69
130.05
148.38
161.27
159.43
130.93
153.43
154.95
150.56
154.55
159.63
158.18
160.89
162.2
171.95
164.29
160.1
167.07
168.49
180
180
180
180
180
180
180
180
180

