176.17
176.22
176.82
177.05
178.38
177.45
177.31
175.24
174.93
174.75
167.89
167.41
168.43
164.82
159.08
154.46
152.81
149.94
147.03
144.76
157.12
146.61
142.44
137.09
135.63
142.9
139.08
137.4
141.45
144.03
148.03
142.71
144.87
146.79
148.06
148.05
150.8
151.34
155.69
151.16
150.39
147.34
153.8
154.46
155.23
150.13
148.09
155.03
152.53
154.47
155.04
154.15
154.77
154.89
154.33
152.36
150.86
148.1
150
148.11
143.21
144.34
139.08
140.7
141.37
141.03
141.79
143.59
145.32
146.7
144.46
149.24
146.83
144.11
135.97
142.18
150.05
149.62
151.49
140.35
153.7
158.37
157.66
161.79
161.89
161.53
164.67
169.5
167.8
167.61
170.65
180
180
180
180
180
180
180
180
180

