173.15
172.89
173.15
172.3
172.66
170.99
172.25
167.97
168.81
165.42
166.94
169.14
171.65
176.5
169.84
170.71
167.86
173.18
154.25
153.4
143.68
159.07
159.58
153.53
151.6
151.52
154.96
146.06
139.88
145.88
147.12
137.35
139.89
141.85
141.51
138.04
138.78
136.6
132.85
132.89
145.38
138.24
138.81
137.4
136.84
136.8
132.57
132.85
132.25
132.38
131.71
131.47
132.54
134.47
135.18
133.18
130.48
141.98
133.79
136.02
137.11
140.08
161.55
154.05
155.32
150.08
150.19
158.86
157.45
153
155.16
163.43
162.91
164.99
169.39
170.8
170.54
160.02
167.12
169.14
169.61
165.37
169.99
174.2
169.51
171.24
175.85
170.76
171.42
169.73
172.96
180
180
180
180
180
180
180
180
180

