190.84
202.36
205.94
206.45
195.26
197.35
195.23
199.38
200.83
203.35
202.22
195.5
206.71
206.52
198.03
197.64
198.65
200.8
206.24
201.79
201.67
194.31
183.84
202.35
202.42
199.36
199.7
199.51
208.61
206.89
201.17
197.48
195.76
180.85
174.37
182.8
190.8
183.78
206.7
177.88
190.77
167.01
232.17
198.11
175.29
177.54
187.23
181.3
186.17
186.57
175.42
185.37
189.03
178.58
182.09
180.96
183.05
176.89
175.05
173.84
182.07
187.37
168.71
182.55
180.04
177.56
181.6
182.24
183.95
184.61
182.36
179.29
180.92
179.54
185.63
185.13
177.92
184.41
174.56
186.38
201.73
198.44
188.5
181.91
198.65
194.29
195.01
201.5
197.11
186.44
205.81
195.41
189.98
194.56
202.72
196.28
199.21
195.95
194.94
180

