189.92
190.01
189.95
190
189.67
190.2
190.21
190.05
190.2
189.51
189.34
189.02
189.74
189.71
188.89
189.42
189.27
189.25
189.71
189.06
189.36
189.07
189.29
189.41
189.11
189.48
189.67
189.43
189.78
189.34
189.81
189.58
189
189.28
188.93
189.53
190.03
189.98
189.51
189.54
189.4
189.23
189.41
189.13
189.72
189.59
189.2
189.37
189.59
189.58
189.38
189.57
188.52
189.2
190.43
188.81
189.11
186.35
191.55
188.57
190.36
185.81
183.68
188.57
183.56
182.95
177.94
183.42
181.53
181.37
183.63
181.14
182.9
183.09
182.5
183.96
186.47
185.38
186.44
190.99
193.14
192.78
191.02
191.41
192.75
192.11
192.94
193.22
194.01
201.87
195.21
197.95
202.31
197.77
198.83
198.66
197.71
198.18
199.23
199.42
200.5
199.17
201.39
201.15
201.21
200.5
199.6
201.91
202.87
206.93
204.29
204.58
207.76
206.61
207.37
206.27
206.19
206.28
208.69
209.99
210.67
208.87
212.53
214.14
213.22
209.77
210.75
213.36
212.4
212.76
213.7
212
213.78
213.61
212.01
211.96
212.61
210.12
210.54
212.94
210.11
210.03
210.16
210.31
209.09
208.9
209.92
209.6
209.14
208.98
208.76
209.16
209.53
208.74
209.7
208.77
207.67
208.73
208.76
207.28
208.32
208.78
208.03
206.48
207.07
207.76
205.73
203.8
201.86
205.41
206.5
202.19
198.99
199.06
193.09
186.11
197.21
197.9
195.91
195.31
193.61
191.81
194.21
192.23
194.27
190.57
189.3
190.53
192.03
192.8
192.2
187.91
187.76
187.12
188.12
187.16
193.92
188.24
186.33
186.22
192.56
187.94
186.71
181.47
182.97
185.7
184.75
183.61
183.29
183.26
182.89
183.05
184.47
185
183.91
184.09
184.01
183.57
183.36
183.07
182.67
182.39
182.92
183.11
181.94
183.44
182.4
184.22
185.11
183.33
182.15
181.92
182.66
182.72
183.77
183.99
184.07
182.18
182.54
182.66
182.44
183.36
182.51
182.26
182.99
183.78
182.09
183.71
182.02
183.56
183.26
180.99
180.3
180.73
188.98


