163.23
163.79
167.85
168.44
163.6
165.53
162.49
167.23
159.01
163.22
152.9
157.46
148.43
155.36
154.05
164.32
152.17
163.56
151.89
155.11
156.16
159.69
150.7
160.14
144.31
151.16
161.52
156.49
144.64
152.2
159.17
160.8
163.41
159.97
159.16
160.89
157.15
159.29
158.27
158.29
158.47
157.52
158.73
157.61
154.12
158.52
168.01
158.24
155.52
155.86
157.32
167.32
160.67
150.28
158.66
164.25
163.94
156.7
166.11
165.83
156.03
161.81
164.53
173.78
165.69
165.47
165.56
165.73
164.97
165.64
163.39
172.68
180
180
180
180
180
180
180
180
180
180
180
180
180
180
180
180
180
180
180
180
180
180
180
180
180
180
180
180



















