193.6543908814026
194.36565727952342
197.12956849419874
199.43519062167914
200.7706425999584
203.32579638244073
203.81699074678758
190.76425437403486
190.82313321418826
184.90684343998748
185.03976302438087
184.0311470377769
180.49918022101184
177.57030811101666
175.90050750577004
175.29232298733365
175.4488601088078
172.2813451407269
165.51801543897383
162.98155085334943
165.998642844878
165.63656133554687
160.47635319848644
158.16860790924574
160.33283128821716
164.2393751632409
170.39975595186468
178.66403642662908
186.8898810810637
195.26293455598235
198.8780209319016
185.45052788339552
186.3625580141859
188.22161425340113
200.974446685883
192.81640027589054
195.22717639918184
195.32250431166761
201.63490409775386
203.63836178874385
197.94500699393876
197.3620467185057
203.290315757212
207.3836229285186
207.98679139440512
207.03797672571528
204.06580161152294
201.83973240462493
201.37778307853205
196.75145028694817
186.86063485238918
181.06897028722372
181.04066053697514
180.30338688772275
177.98795488018587
177.84928230159284
179.41299343799386
180.6758358516378
181.44562462344885
181.24177203160272
179.87162430557453
179.01729707343128
179.45977927630562
179.96075249986228
180.16087278484295
180.3069006633074
180.11957973245487
179.89364017048106
179.9297413590184
179.9741362215751
180.00024139536563
180.04025768393632
180.0084198861556
179.97950680413402
179.99738065328364
180.00342375201112
179.99995720571687
180.00256083523408
180.0003235080816
179.9978408679134
180.0000521218689
180.00091399359368
179.99983431314348
179.9997275886278
180.00009029807993
180.0000535324932
179.99997248940798
179.99999478632776
180.0000047827042
179.99999984499607
179.99999963096934
180.0000000641833
180.00000000000009
180.00000000000003
180.00000000000006
180.00000000000003
180.00000000000009
180.00000000000009
180.00000000000009
180.00000000000014
180.48704973000605
181.56090316690185
183.8353878244254
188.49832136188513
194.63178942511792
198.08407394214385
197.88725110961042
198.4978665708038
197.7901347272358
183.49131066799836
198.04496287069935
202.3840865975838
210.8947019460958
216.6257039024983
217.47873058664544
217.29763259134972
212.64798253834553
216.41046468139123
216.4101457704369
216.8907866115724
221.0299374578135
221.9511544045207
223.0280771790441
224.39859952460543
226.72879553441888
228.503069790903
228.51091751466
225.13141601979913
217.78226639578486
209.34986014474202
219.72616545186088
212.26212005763915
194.0888508024831
189.55039648826508
169.6900455830661
178.97510559684085
171.42964409546207
174.28076999481024
170.41648344421168
170.11142968989918
173.64118038466924
173.22885368053778
168.55774685389548
166.78789410514648
169.1947312634904
171.45312885742487
172.94898232101121
174.77024404459695
176.23538168998817
177.96808590124078
180.238671732434
180.93840689426443
179.77091437353658
179.1845807912745
179.8023318083148
180.16170504329037
180.11223045730787
180.1397064207274
180.0221561419267
179.87910550365444
179.93697739749788
180.01075923580382
180.04420707574135
180.05623829877158
179.99978148145283
179.95841120625036
179.9826858711421
180.00300690904734
180.00736865262982
180.01116583704356
180.00075979783315
179.9923691245983
179.9988360973248
180.00245143836133
180.00027689209614
180.00014229866335
179.99998662159436
179.99931097579875
180.0000029562476
180.00042382637113
179.99996385056406
179.99983956994282
180.00003446728903
180.00004461506666
179.99998429756872
179.99999158082167
180.00000446017495
180.00000080535895
179.9999992436922
180.00000002451145
180.00000005835633
179.9999999898505
180.00000000000009
180.00000000000003
180.00000000000006
180.00000000000003
180.00000000000009
180.00000000000009
180.00000000000009
180.00000000000014
204.4366057756147
204.99707393397114
207.7775623446927
211.23484244799505
213.6598034229158
213.14343077677395
209.7299926400176
208.50530698719922
211.17508207422657
212.50147860110306
210.92945915004114
208.76302316880074
207.30918559605777
210.86737617297837
213.9686846849989
190.37424805140765
212.2472319928709
207.7592351658792
206.15703427634864
205.32203304986356
206.55352169724355
207.26502892026886
207.91962052524235
208.66931242693903
208.86376498281456
209.00587691408523
209.3574764780625
209.5340756684495
209.63158485960648
210.0075789628541
210.70611039917415
211.58253436066656
212.46959587035147
213.01222332178818
212.92741447689843
212.28231028466055
211.3009475237096
210.53405805422344
210.32951944573372
210.30927019421165
210.28667428478641
210.30267526106422
210.17774696475465
209.90814201094707
209.45899461052701
208.54191449574716
207.1671274859499
205.76134824964336
203.47950034738662
197.32598935663447
187.8049214211904
181.7024564246681
181.10553816043017
180.18336241229477
177.77273138160064
177.60166585286603
179.31274462576
180.76308007360043
181.65221114884508
181.40794174224484
179.8319589185212
178.8689255531883
179.4076110264391
179.98329037391477
180.1774046428924
180.3291376662987
180.13254606086753
179.8840817909373
179.92210407073492
179.97229564970624
180.00033100931043
180.04366144084688
180.00936313960602
179.9777459165179
179.99703951838364
180.00364832280846
179.99998674821964
180.00286416180654
180.00034499955092
179.9976076339348
180.00006087381723
180.00101079352885
179.9998162957145
179.99969894880837
180.00009985678363
180.0000591422074
179.99996959798486
179.99999424091982
180.00000528415208
179.99999982874448
179.9999995922779
180.00000007091268
180.00000000000009
180.00000000000003
180.00000000000006
180.00000000000003
180.00000000000009
180.00000000000009
180.00000000000009
180.00000000000014
185.38277045050984
185.39799228496463
184.90268829542677
184.2918460040633
183.6688818565873
183.2648793692517
183.16769865563128
182.7924191068341
181.93634657759375
181.15176804791352
180.6563883616253
180.44153317182113
180.74312684790462
181.67845336650828
182.88901613810663
183.3846592007105
182.96541246639163
183.05443304158084
186.46860340409913
176.93747462008042
181.51370051406658
180.63981852715645
183.92876931084595
186.08497348529295
185.6914447965632
185.35624188678557
184.89964169145074
181.4643130195595
175.21177364993795
169.0973099703599
186.13711184525624
187.8437391672169
180.04066660889526
178.49936979387687
185.75261780876286
187.70193410360278
183.31484809034566
181.51858804826972
182.61863441668837
183.76405308333858
185.3439891895813
186.33332291521825
185.67136318608942
185.70925606218302
187.12590829522327
187.70478937983563
187.12602868121888
186.50045464477665
185.62335556369592
183.84442753342086
181.62023951864947
180.31563812514983
180.24529317279584
180.09861386271498
179.5237764402941
179.42985817383726
179.81146837013284
180.15270976885034
180.393168769987
180.35929322040624
179.97098675583214
179.72775017041312
179.84990250665305
179.98487510883913
180.0422447339319
180.086508184223
180.0351056907809
179.97215756812756
179.98047667047294
179.9913676629369
179.999354096307
180.01123077268326
180.00256017215315
179.99470010325635
179.99939171093374
180.00076947185443
179.9999202641551
180.00072339140053
180.00008423019023
179.9994253761024
180.00002288333306
180.00023535399947
179.99995457045918
179.9999318400087
180.00002313504618
180.0000131553029
179.99999315538722
179.9999987279644
180.00000117791606
179.99999996182464
179.99999990911272
180.00000001580753
180.00000000000009
180.00000000000003
180.00000000000006
180.00000000000003
180.00000000000009
180.00000000000009
180.00000000000009
180.00000000000014
166.56341680125172
168.27729447117238
165.14000123484433
160.30215382490096
152.26467126284803
139.10498824340243
127.41243615165399
134.67864081100115
76.71030442372852
58.128673181621636
52.02199015906217
47.514636989579195
40.81215776086762
39.038230541000274
38.66230538454909
39.10486934652882
41.964020183692625
43.94258154796988
43.46037749426936
40.996103086552964
37.026474138437045
34.528722233571315
35.51769768123707
38.4726438249963
42.09804721978118
44.388284784391466
43.47898662502847
40.8058374305231
38.54967893369775
40.12950935185084
49.186268934640594
66.69371950135903
69.7485715561594
128.60169912541
138.3856598396958
122.91043653012875
164.37532777824032
168.26556448148864
171.93510992027618
174.71217942115263
173.22392046329196
171.64229274205266
172.48883575443665
175.20305653697048
178.94086643431336
181.34688066047448
180.67573219802858
179.03350230230774
177.71184470701954
177.04836252325282
177.94479416827318
179.26844353512502
180.03215260035066
180.54825544802688
180.54940201676254
180.1943055166073
179.9426686554401
179.7758257191203
179.79077515004144
179.94042063126042
180.05511784831683
180.10763324253335
180.0543554692593
179.98213000350358
179.97316130705704
179.97702275908276
179.99537512129373
180.0160069141019
180.00600094466665
179.9962960252691
179.998494482782
179.99792121510626
179.9996513677913
180.00229729526046
180.00053738700453
179.99930018048656
179.99984531439247
179.99986508706226
179.9999593996945
180.00020601963118
180.00001710414753
179.99989374734912
180.00001274474187
180.000036281597
179.999989235632
179.99999231861682
180.00000375246964
180.00000076944676
179.99999931974872
180.0000000220465
180.00000005248785
179.99999999087115
180.00000000000009
180.00000000000003
180.00000000000006
180.00000000000003
180.00000000000009
180.00000000000009
180.00000000000009
180.00000000000014
218.45642472864952
221.3643061539356
225.8613028610677
231.60970092303555
238.6868998171056
247.59110050219493
255.73378253964827
254.45537182409623
260.5086878927559
254.15414995136715
246.98390937064343
252.43154343776018
231.22138407367163
228.12487843908124
210.82438555683493
208.98426567173598
214.54715671943694
211.22500322262297
206.86393383558655
213.9868567757654
195.4613645671762
197.50470308439404
204.36712208273175
205.27452250819863
207.6413679862085
214.36579690522362
221.3492380761052
229.63388637606792
235.85286067135218
243.59795665443585
248.9179148359306
239.85119148650858
234.50871904821614
245.52322074250628
242.93639278644676
237.20601396682457
229.5897471302212
216.5483853625867
209.35480934719058
204.54575946112976
202.99844214673817
200.4933945644773
194.8127349824332
192.19995270537095
194.0978699933662
195.57428867979672
195.40819527255852
193.71141295784403
190.71605342336528
191.39575580096673
185.26935162137175
183.28416301172263
180.929934396384
179.06969421392333
177.73844368621536
178.09725925198154
179.92251896550266
181.18371838120373
181.06462732807955
180.51528820189415
179.8659651703014
179.3902719185862
179.60908529328364
179.9855091764371
180.13301484245656
180.2001379211547
180.07163511898833
179.9229172937337
179.9539492525968
179.9897636502527
180.00073710802
180.0237659623016
180.0055260369816
179.98686095161418
179.9980823735735
180.00244166627968
180.0000460738056
180.00153519164394
180.00022010511302
179.9986387595309
180.00001945068874
180.00058720167806
179.99989702625803
179.9998226602554
180.00005813920603
180.00003512047377
179.99998204942358
179.9999965688027
180.0000031347116
179.99999989840632
179.9999997581275
180.00000004206746
180.00000000000009
180.00000000000003
180.00000000000006
180.00000000000003
180.00000000000009
180.00000000000009
180.00000000000009
180.00000000000014
156.38304533051075
151.59620256874592
137.96951011551948
135.67146597498328
136.81843812029086
90.51269745326638
100.59997997638547
118.16541664687534
86.98435002709118
85.11379693189899
77.3215244042302
83.74346328872545
64.28298166324245
60.349989854002786
56.77017945713299
58.32806288660973
63.96086049990196
66.1175236799287
61.2078143439116
55.89629315965599
52.67438196477518
49.87303646588549
49.11074720598905
50.45815646778808
52.70480381546456
55.895858681569884
59.316899887853104
62.006021142500295
63.74082929471421
64.95274659057046
66.60984446767786
70.41596341765775
81.8494229748527
103.61826133284555
123.09494251450397
94.0218557433734
129.0221119348927
146.12770114457345
149.6573762314286
156.50056723862957
148.8376276042557
145.866096037224
152.19351671287035
155.12760518429772
153.07342978649012
154.925209415593
159.86810450714097
161.8580863956749
161.59072278286357
164.55459297841676
171.20620874198957
176.48510931332035
179.1087913361908
181.29891172868037
182.62932934278308
181.95678361957934
180.15001389639986
178.83376889954133
178.70231770939105
179.26139603636634
180.13997829808596
180.74302000530517
180.49660982873274
180.05646191225674
179.83541585258672
179.72771456167575
179.90597340273897
180.1002260846871
180.06072253766376
180.0170983153847
179.99774988196415
179.9654837476929
179.9931520625603
180.0188944960759
180.00278026460188
179.99658202938798
179.99977707554228
179.9977152250427
179.99971331224123
180.00200471542095
179.99997551280703
179.99912927169345
180.00014978657381
180.0002654910433
179.9999136135735
179.99994709798133
180.00002693323776
180.0000051799856
179.99999528144332
180.00000015292505
180.00000036408122
179.99999993667763
180.00000000000009
180.00000000000003
180.00000000000006
180.00000000000003
180.00000000000009
180.00000000000009
180.00000000000009
180.00000000000014
224.8639867710631
226.67543359658973
229.44218172497906
233.55386856917715
238.69956657701852
243.16102378800537
245.9622818270874
246.93169018992572
245.92843020830634
243.66796598163896
240.8084884354256
237.03142680207898
232.70630304690548
228.95053302489566
226.31175696756722
224.99893713126676
224.89874361482316
224.91488692552085
223.72763754550155
220.1604631569107
214.73932349661325
211.68283784805374
212.71790717270136
214.19528979341686
215.71952689746882
220.76584281599614
228.489455119526
234.02110516418622
236.55040842088457
240.27296578386355
241.5289494914755
224.9964983599513
254.88451500875126
235.5340992969766
239.6273220313417
230.5597759546971
231.13053669013576
228.36702413132016
223.01877910564338
219.03146923677244
216.12204028174483
213.26187899295695
211.0424044659246
209.75576922886714
209.2237484174296
209.43212024563087
209.98909512729904
209.8076944533708
207.3877866565996
200.63153486847523
190.3891734444492
183.2982163324438
181.7425021798307
179.77608039030414
176.38221776029607
176.37921984087916
179.41978718159316
181.64003006611065
182.15488478601654
181.4996494694028
179.74099208822022
178.6023014778119
179.2379690398841
180.0066693276275
180.24410242552827
180.40061228604446
180.15647208869345
179.84916783920067
179.90435717465937
179.97394485354963
180.00097065498875
180.05037295263094
180.01139139931436
179.97304702363667
179.99630767187998
180.004857178862
179.99998472680016
180.00318697365648
180.00045090104302
179.99721737638123
180.00005052506535
180.0011906935132
179.99978788407878
179.999642798911
180.00011774912653
180.0000704542762
179.99996389040214
179.99999312763907
180.00000629153217
179.99999979609603
179.99999951454902
180.00000008443158
180.00000000000009
180.00000000000003
180.00000000000006
180.00000000000003
180.00000000000009
180.00000000000009
180.00000000000009
180.00000000000014
154.08929172738007
155.54141278594756
155.06622756049762
154.17216735960298
153.73260065995618
153.07061168037632
152.19262849913144
150.237017198564
146.16593528232974
139.88254315006597
131.07066557278412
119.59408145509299
105.42962864350663
88.02649225396554
70.36668012899568
61.49789880693708
62.35989717100029
58.76016742292955
59.12385237821273
110.13315621543391
234.08479063775027
64.82341587717437
102.95955533218316
34.63617296618108
46.80815434814764
48.880723678051396
23.01718615190705
40.779727122617764
93.89398321592714
110.47651328735786
82.60884167541067
72.53505357064383
95.51267643748143
121.31668239022513
146.03950483691267
162.34411189407476
160.08691760109326
163.11838428683726
178.19778284186256
176.97666198026414
157.7324155909721
147.08941895171836
149.9052631839142
153.1206702704113
155.64006224475563
159.0781571282845
159.81019772281908
159.70543046940892
161.33176937169705
164.49525711226633
169.7341102877563
175.362747072215
179.53904926907163
182.21222750129738
182.85463888736638
181.79327706021337
180.12105879997384
178.78555872023122
178.58536476294495
179.22132930085303
180.1589051704658
180.7809348123687
180.53884143610756
180.07399497638716
179.82149616346464
179.70220942117615
179.89715552707725
180.10677331539284
180.0656619212185
180.02005364088566
179.99824373589573
179.96257616063184
179.9925005705245
180.0201480611612
180.00273841373897
179.99631006882294
179.99990085269076
179.99766267884993
179.99967662112002
180.00206714511074
179.99997259117146
179.9991057899063
180.00015558422774
180.00027109548785
179.9999113932597
179.99994618032497
180.00002746463863
180.00000526281497
179.99999519761192
180.00000015564197
180.0000003705496
179.99999993555264
180.00000000000009
180.00000000000003
180.00000000000006
180.00000000000003
180.00000000000009
180.00000000000009
180.00000000000009
180.00000000000014
210.82858272376882
212.85484682401477
216.21852388196345
219.8961503016531
224.3532306908404
232.5944474388654
242.18380100516788
240.9385340471853
248.1604765089572
251.45628708291042
256.747894716993
246.81443404211709
252.39564982907254
248.15425680008428
248.1684331901365
249.52964299481545
251.63760582142461
250.60633186541713
246.44953651592613
247.143376913191
239.13552094410176
236.36477005262617
233.74065032730914
232.3553443919709
232.17618678244264
234.59318071366943
239.81849857110413
247.22501510226215
255.20233304214997
259.7394563608298
258.30259964437295
252.12676990541178
240.5792530479308
220.69891657240845
231.00597653625357
229.18559080491448
226.1829162171715
224.41950074146484
222.8102636930868
218.463326964159
213.14551195725554
209.2479917402467
207.292111766379
205.34660458262235
203.093582701764
202.58593602921152
203.4619923650405
202.98392998522505
200.55829507570724
198.00622282794484
186.76379527743876
181.66710630130916
181.17908334600835
180.26940047762383
177.6684315649845
177.47311850374507
179.34274804355167
180.8654650985002
181.68465750668506
181.3799888126773
179.78036414392133
178.82990321995936
179.44320765848394
180.04545449740394
180.17440846223303
180.29243587743866
180.12180184628605
179.88765040961664
179.92673821993188
179.98021168223684
180.0010110061714
180.038144702108
180.00862476730435
179.97959303520446
179.997108719821
180.00360694702104
180.00003977956808
180.00249166190088
180.00033159609276
179.99784766880174
180.00004111561847
180.000920240187
179.99983611605685
179.99972372108596
180.00009102685505
180.000054528258
179.99997206226172
179.99999468009423
180.00000486905734
179.9999998421974
179.99999962430638
180.00000006534214
180.00000000000009
180.00000000000003
180.00000000000006
180.00000000000003
180.00000000000009
180.00000000000009
180.00000000000009
180.00000000000014
160.5868395018255
160.0012086630449
159.31085391437847
157.1200686471314
153.82771305429992
152.985927859764
153.4654359965835
146.44804792995137
152.23922822996892
147.31589543058766
150.6894693657052
150.0697083742421
150.1768702406763
151.5084375655225
152.9669580032267
148.30546460424435
149.8807931415711
147.44110990092966
146.69236250903563
146.02313271162018
145.55448397595737
145.3601382272245
145.3687220733268
145.73289390051764
146.44260614443863
147.09312044403802
147.18639021275783
145.95754432609584
144.37308026550815
146.77102987108518
152.77715109198772
153.21514396075142
147.41070184490428
148.85431599079416
159.14067715064883
162.96536523058938
157.32319571389917
153.12086626834665
153.21667612175082
156.87232025426246
163.57468569521905
162.0723867048705
154.75400200965393
172.90646608215263
164.619459026468
170.04136506640924
167.98057111723216
168.13265129947422
168.5994872927021
168.58296384464538
175.87529172558988
178.76112124323353
179.16312463528078
179.95400263600035
181.74338972165566
181.72789901156153
180.2109260761456
179.19081316515317
179.02389008108517
179.35582917913348
180.1418093687969
180.63909235815072
180.3239511050638
179.9678723497937
179.89220235460132
179.83901132422483
179.93467850751108
180.06501531519754
180.04131454377895
180.00875521545288
179.99868931637192
179.97920838602323
179.9953505238653
180.01167184162824
180.001736376311
179.99778391678515
179.99991978039708
179.99865855752304
179.99980617642333
180.00120526631196
179.99998707798235
179.9994761965898
180.0000904768971
180.000159206176
179.99994807693798
179.99996834905343
180.0000161352118
180.00000309683102
179.99999717626204
180.00000009151537
180.00000021787807
179.99999996210585
180.00000000000009
180.00000000000003
180.00000000000006
180.00000000000003
180.00000000000009
180.00000000000009
180.00000000000009
180.00000000000014
146.10547243127988
146.15225592485533
146.12079216784508
145.41688049483278
144.3687778052898
144.9577414386884
146.78921077893895
145.33831375829996
142.39214842426503
150.39743881838743
144.80934972671324
147.9057139698582
148.90349552305275
149.37764141495992
148.79415306830703
145.52877397038733
141.5466628816752
146.33733460267155
144.38097406277956
147.48027817418563
150.81683701792886
153.20876955995666
154.9719570324498
155.55431118421632
154.95609951704023
153.03834842879357
150.0387620123519
146.33093574147952
142.80057751433068
141.20760568933508
144.9451009942214
141.75537598328498
133.23098558592793
133.36750812712285
135.51251666190444
139.21175905278696
138.75732889913934
138.39237210427586
138.661929136391
143.12795740204007
149.22926052225424
147.63464495171164
154.45231449989518
147.4909810166877
151.4716623018468
152.72503096499614
151.3180640569888
153.03003089730242
154.92563660368884
157.56552217096421
174.6052847141998
178.61575522248953
179.734863046731
179.10199589123647
181.79739088766868
182.04987356202287
180.63218276518396
179.5856991843246
178.65162737348854
178.64301911398059
179.95490063749796
180.8852560510699
180.6858088425364
180.2425609512942
179.78987268483976
179.54006342338332
179.87605681227853
180.16393572161422
180.073760209718
180.0189234829749
180.00277295361687
179.9549664373962
179.98930755593443
180.02399941889172
180.00331065187183
179.99584342066015
179.99999853780204
179.99704748740564
179.99961367598414
180.00252614233213
179.99994642796324
179.99892450471896
180.00019302871573
180.00032184728073
179.99989367527942
179.9999366009877
180.00003252623742
180.00000618059454
179.9999943374921
180.00000018351784
180.00000043691594
179.99999992400993
180.00000000000009
180.00000000000003
180.00000000000006
180.00000000000003
180.00000000000009
180.00000000000009
180.00000000000009
180.00000000000014
