234.93854440517995
235.1951257756991
237.10248978592944
238.2116335997132
237.54659448472012
237.08899396731223
237.02667773743406
235.9644511282958
234.7806601250559
236.32709032869573
239.95596548238052
239.66064725856953
235.0929313228016
235.41175523685553
241.5887945133294
242.53724067634397
236.96731429249908
235.72808193610499
240.36116963232206
243.10334962992195
242.9066582028289
242.74568151763532
242.91295987045137
245.74404530748794
251.1628986463339
250.98048548695252
242.86015638284965
235.1021554281659
229.7181263390036
221.62161122708608
221.8250597453581
222.85422849218943
226.82719178502956
230.40191242941918
232.05937608189598
233.06570693043253
234.06266005930522
234.65704596975107
235.24010763338666
235.1495174397534
234.15751862093651
233.71374443805513
234.8480568026466
238.4276489515531
243.72712405719673
246.07610941078772
243.49917149701898
239.74509977064136
236.7522799513813
235.1469802239078
236.60498009355874
240.25498401934487
244.3712826829748
247.3130369989171
247.65099519810138
246.47402777106413
244.76580500270293
242.8569874404204
241.61266483089236
240.72015667381055
239.89071400385245
239.54637899580672
240.39057383799536
244.55145044803578
250.22321965266894
247.96212946874397
238.23847881966523
239.39555556518448
242.21051218739169
191.2502086541876
192.67753200031459
177.9080376848743
181.93557114640427
183.80460645008114
174.51269202839558
172.42060916103293
179.1306835934838
183.03112291740433
183.20226707421114
182.4786869040058
179.97053158020864
177.9212794381152
178.50396486865952
179.62271741912548
180.36360508848497
180.84860346111057
180.38260495266957
179.80965819445188
179.81784497816105
179.86609239785756
179.96825183911926
180.10528199611022
180.03249057276963
179.96601242989473
179.99811017858087
179.99967715430472
179.9970563144596
180.00774567016347
180.00049524353997
179.99529545819385
145.17697792783895
144.22943459805873
140.80462018108844
139.58094213012967
141.96878549874415
142.9934063939586
141.78627624948683
142.21931790318212
143.54111136255133
140.965641373157
135.5994488577162
136.0305875022533
142.9679082548291
144.9067749033283
139.5779606849264
137.4612856812603
139.84205942724628
139.04570371113283
136.74158626228038
142.62241163484612
154.04220774392314
152.20060697660557
153.4811711917327
164.24099561331175
144.0731722127807
124.4054887500207
170.6577114305974
160.1783771078202
128.9055431282855
152.6198488113326
132.85629800707898
144.95317811029508
143.39004843084243
143.71101908071435
141.58230340835217
140.00960793017288
141.28794989287422
141.75266265400128
141.6263232537515
145.29038481513828
151.31777270740136
151.32283949284093
146.3587773358853
152.47871797420083
129.73599622161242
126.7868339986492
130.2300551420335
134.65580097401804
136.32198868288148
138.265729595255
138.36886983153656
136.0365695010477
133.31876476558176
131.64954894497293
131.90570810805932
132.8045671545672
133.45617637747654
134.21318537761573
134.71531222198502
135.1797947442434
135.98675571996338
136.7708129794527
136.9818667351026
135.33742538454305
132.45787353932047
132.9615098421611
136.99335757839208
136.6117408329392
137.96340958559716
170.47959300766016
172.09749464267418
183.98993455084184
178.41940906512636
176.79034804735034
182.86520600080513
184.73691623486707
181.05244921254305
178.6770674812794
177.71828386651458
177.8181179505892
180.02947513756428
181.61804856017142
181.01472881648232
180.221680210397
179.76552551040172
179.41234633681583
179.7263352460656
180.1324314022866
180.1278438109073
180.094209950121
180.0227404802985
179.92639145819396
179.97709353719873
180.02350121305435
180.00127505143902
180.00037320634877
180.00208723064262
179.99454849866797
179.99966089080937
180.00328818496664
206.7625798230224
206.94890257076213
206.6299608020142
206.06714061830334
205.5785232163989
205.56852030703553
206.3050844833287
207.39819852246617
208.3626829816285
208.6196145163951
207.78954811449262
206.4216118628261
205.22737331608283
205.07727382018314
206.12021632870548
206.41661982834555
205.3906192868716
205.18518819306382
206.51132551595097
208.69584217334614
210.9709053268866
210.54409648997728
208.69900496821214
215.3872560403673
214.12481662677644
216.2571186621593
214.68374752869485
216.9469803471973
214.08826730522756
212.45110567136476
208.89679096087022
207.24926637296798
208.00723936031252
208.3520793535526
207.75855038033768
208.70695289925018
210.9446986363052
211.61429954923338
210.69217383315544
211.2655432407894
213.0167257500246
211.0362061459895
204.8832960476393
200.37177226386717
210.60943598461813
213.25064933634584
210.77701504550083
211.20208055726357
214.9618225971547
215.53547474870854
213.40103623446532
213.2855727084403
215.09112987339566
214.85315941736735
212.30919821444138
210.85424814328695
210.93032970742019
210.42041362468606
209.3504846834659
208.9814443663255
209.1758775825634
209.21369138413098
209.3190582114595
210.43707514271432
211.7728772297262
209.86816683713405
205.23234935876093
205.2649375407073
206.13954283919608
184.9915344093
185.5275498949646
179.4149165489338
180.88405854992035
181.4604301786157
177.45628947465934
176.675040254385
179.7717258489928
181.48381392516967
181.30376291609284
180.89970834958717
180.00525770474175
179.19673343976675
179.36076532825436
179.81447893771426
180.15575636197752
180.36216277442045
180.16138523018898
179.92221073574794
179.9232606446647
179.94117467712013
179.9861986534862
180.04509448596824
180.0138800650693
179.9857911840437
179.99921204825677
179.9996484663767
179.99875238828275
180.00339121096496
180.00019482623804
179.99796785678214
193.2627938114545
192.89529369337396
192.90524451555473
192.83765536025936
192.55552729274942
192.1855793509842
191.54759268173214
190.42858622617226
189.33192466376357
189.81955557063134
191.5033871207916
190.36619910135803
193.23678002014879
192.3211017357699
190.94252963315228
191.02143346586408
187.90031909655443
186.7191457605287
186.20003017761115
188.1485969344541
191.31080409441472
190.1189942711967
184.43053964788896
184.8083318056323
179.16283325461328
179.87957307327963
182.3365398516507
176.4571979061893
180.40478250194462
186.61327200968873
183.78280854107098
186.7486136683777
187.89359571559095
188.48232076108923
188.4307038115234
188.30885362001342
188.19907447482436
187.82229927576432
187.13466504282366
186.23878749758487
182.9047260522587
184.13001859282286
187.7806232657241
184.01571038062752
184.47462879672776
183.1818105479348
185.84240886358782
185.69454987289464
182.3531087149301
181.56726133644838
183.40778868237174
181.94491735598862
183.27813047519504
183.86207652071462
186.11929662321526
188.0598109458837
189.65425872286923
191.57828411387626
190.56054164306968
189.84401798248462
188.9077190630526
188.64471649402392
189.62044450756096
191.56168372405008
193.57113338185175
193.96612757082926
191.90464607587802
188.96495466212542
185.8307896743054
181.73000179180448
180.94807442561552
180.0848116203418
180.0231716238267
180.040234273456
179.70065363197156
179.5337440554811
179.8212667772489
180.10059387246662
180.30498168171013
180.32878675349912
180.04430620711216
179.81168777241115
179.81820749009674
179.90333641573
180.0335072176681
180.11892059751398
180.05365011364424
179.9827160094946
179.97707288882887
179.97558282577128
179.99436337828362
180.01563536193032
180.00463311100393
179.996038164217
179.99994547688564
179.99939538191842
179.99953060053312
180.0012558188824
180.00003340883768
179.99931981133852
187.27399987358976
191.76290489643108
188.44576561042433
189.68690414997997
189.5164693476422
189.0930614206191
188.00906972204805
186.14705044456178
183.6833694087389
181.60455900833495
180.16698725656653
178.07941774795734
175.47407424673068
174.68707380177807
174.25495551882742
166.82952123785398
184.2306184064988
170.41645177944625
167.400382338568
160.52997433935798
67.15154232634957
44.14195616137321
26.814294469307235
41.49612083893693
40.75478692539287
43.80116794994075
41.04247353256235
34.62029682895169
35.58922468618798
36.20707192991459
36.50654381882523
36.707917144328825
34.34715936600703
31.72703228937719
30.358819504551892
30.051125864941206
31.060279479152186
31.533041847570615
30.691742243404356
31.07336368054164
31.942926082947288
27.831371315896508
21.13617059049998
26.50426390803885
27.421052944541472
33.88160433487405
44.698724187119566
87.96845879877141
113.62440586355574
132.8203099830114
152.5733452688067
172.01148497817994
184.06603117908827
182.74583805343426
187.26291168022436
183.32764812887015
183.7775967588029
184.17232023939556
185.23243344728087
187.57834872642528
189.98946968256072
191.1963806243171
190.85081781808407
189.9638552792437
188.97676869873732
187.01506719525736
184.37013845574003
182.31024852148872
181.06254988859274
179.87247306632935
178.79299203366176
178.81276255599323
179.84704699386813
180.5892135422466
180.57629683488932
180.31225125394099
179.92641371834247
179.6468573865146
179.7974334200375
180.01568825791662
180.08230686686346
180.1074373488269
180.02430677309468
179.94047369229457
179.9742899580097
180.00546398415227
180.00785496075116
180.01523002922377
180.0006431603461
179.98772448392722
179.99776093680586
180.0033493557588
180.00067868240376
180.00079680015625
180.0002283278569
179.99895638875392
179.99990656751905
180.00050990513012
179.99993609185378
179.9998347965044
190.03555076450252
189.85331674206358
190.0723093784574
190.27899676628599
190.20962708849316
190.01797513155066
189.75855599993912
189.8157845909074
190.7283691157442
192.95059884769145
196.8886537995065
202.60209192344752
209.7128780570794
217.22003867900744
224.44824976736774
231.75325810702574
237.82578562875187
238.70725567132874
236.7433684108362
245.0071369089699
256.51765657464813
228.8402883192814
248.8564725165642
239.25199081718412
237.64248703430803
233.50034813292652
227.59670826079054
220.7020947694606
213.63420610181072
207.2431298547
202.31978983757276
198.64747761057566
195.93823872513988
193.9513428575661
192.36501880043647
191.57704968349304
191.8926508427902
193.29283960616866
196.4448893069689
202.64289903721775
211.35699643499126
218.9287062242668
223.95388283624223
229.2161041614945
235.48550912639826
241.61337134759432
247.73859584477157
253.23554780748358
256.38408032760367
255.22286207744276
248.85449510442083
238.93337978426692
227.84939944611295
218.98073810785345
214.28930423602367
210.8403335152658
207.0689112789942
204.17082894272284
201.33441529738053
197.7738475803714
194.44107659556983
193.18161835170218
194.95626268422797
198.74455267293803
203.04289416893252
205.05966976027977
204.4357624197894
207.1266043312448
209.23604575611665
189.27361063035607
187.06320552391978
178.35818708959175
181.75884515213605
181.88690729292347
176.67625296266903
175.6313115778858
179.51221971815698
181.82088204989313
181.92762657004664
181.4107115515412
179.8755205618156
178.7183608737369
179.20538806380827
179.90499020329568
180.21645540300892
180.42788375589228
180.18779954563055
179.87987953070933
179.90511176933103
179.94852939450044
179.98684762916756
180.04959977728817
180.01574069232308
179.98125985877303
179.99871136979
180.00136002836894
179.9986132813915
180.00325243410325
180.00034906065113
179.99781388339807
169.2444915399817
169.55774146412682
169.95179881952737
170.67887957530607
171.75353653036464
172.53218817743578
172.7666471644556
172.62984064122284
171.68737470556331
168.79427423597826
163.71843766111732
157.642862886179
152.5390274268242
152.00731579883697
156.32480283033982
158.4333326066395
155.61540774442724
153.17023955391795
142.9617863091534
97.52445503739051
85.54116689319991
76.96066759250267
97.04992423025985
77.78649857002519
67.16067378935372
60.53015232422206
70.3554890748682
70.14277360716916
58.469118139308605
51.57479232722873
53.306166824100536
52.29696976506985
49.3378742166053
48.726159580039116
49.280414935896715
49.71931359228212
50.4277544551189
51.20133537347296
51.354933332961494
50.09413132794071
48.360201818884676
50.2519672494766
55.48872591230882
55.60572761296101
51.550040384466165
60.03904366508479
74.85216551007979
52.71026785078481
102.00244516070879
102.20601820516491
121.54090147437881
136.2149338293354
156.53822490084377
165.6405985452167
162.70065173014794
161.3534510293313
165.2670279402388
167.23007319680477
163.96032494071326
167.80035636664547
175.63809792835383
177.95111986339285
173.26583204148227
170.8380978466545
172.3554416520899
171.11241124527848
167.29695866406152
165.957342608621
167.75540796108092
171.43445576706557
176.2977259145049
179.12563225584154
178.68445854003434
179.61307174169028
182.7960811251188
183.03001780973375
179.93956677588278
178.2517038595798
178.8465935964244
179.51832091124854
180.10434863504491
180.66451188064855
180.479306317045
180.05069330253878
179.85277126679517
179.75941132156498
179.90232409979726
180.07494467806575
180.0531186020972
180.02248716693197
180.0061964800684
179.97408337613612
179.99150097082128
180.0108149766903
180.00087530999593
179.99875463636286
180.00071183007037
179.99841089022524
179.99977672160648
180.00115274055042
211.15671494348092
211.2410329810225
211.55320477896268
211.9704164013718
212.4115095487308
212.91933284442362
213.4927321705905
214.18371193509634
215.08712378760737
216.27287336706198
217.78886786068213
219.60171755278586
221.62540299374368
223.7181059241098
225.8343116338421
228.1841054612951
231.0455003138644
234.8013364963636
239.56254995936294
244.72604785258085
249.43381037581838
252.4621246813403
252.90240823909068
251.0686964806497
247.45231884020842
242.8520400370116
238.09464641075087
232.9341302098265
227.4285544165265
222.14356010830545
217.3146216025703
213.44259488722076
210.8038124438511
208.90874750688928
207.60000207610088
207.24234317789632
207.98167328240456
210.0281141454003
213.6024157269203
218.50326537889845
223.94139546498718
228.12809647084097
230.87009014547618
235.32095784962448
240.57446045268748
238.66909894591146
246.11711711647663
248.3914953110549
250.6829564980889
250.923463557448
248.22681985019855
243.5563802449645
238.0101018154611
232.93993851530584
229.49817959827365
227.1334355117689
225.1849256404089
222.98096898180012
219.916500339707
216.99547920051447
214.98691191517798
213.95944651766212
214.6671374744363
217.8217573296523
221.84345513097415
221.6345583342875
217.1543253259512
218.1124214537171
218.89961709450523
187.7661208583639
187.85272989330198
178.85963016324564
181.346711104373
182.40808380549643
176.34948513790252
174.9786697940436
179.42168458939082
182.03457911648974
182.1374334851181
181.63215707601097
179.9598955779344
178.60816605420837
179.02219622838228
179.77414543724007
180.24207932109073
180.5496348877605
180.24695737016157
179.872252725421
179.8817451150412
179.91649603993653
179.97955982524903
180.0670386211466
180.0210321530697
179.9780442446575
179.99878399548405
179.99999258167946
179.99807185659304
180.0048582669726
180.00033756321548
179.9970267753207
165.06787996439294
165.16535995055037
165.8319695934874
167.0214653874255
168.45076899023954
169.40314975320103
169.4090131036968
168.61515993599454
167.17226979728767
165.41658315019458
163.78349962040912
162.31014984533232
161.50748225992965
162.64401957525527
165.71382027764932
168.66762015029042
170.2809136610942
170.68817803529828
168.19460421719836
159.24740544299533
150.21652072606142
164.07866980524898
146.52175334721014
179.95855432745307
185.17695512853058
132.3658909973092
109.93824852485015
51.393903016903835
23.035839955178908
22.441298450454553
17.87011214370135
24.61563228473424
19.292757349461798
24.285557874005967
31.439195122040942
32.70427944051913
23.897469721754227
18.900950225564323
20.37009293638073
23.449572618949098
27.02166983572899
27.84134866746634
25.8596638262107
34.13136603106515
54.048439982881256
65.22307419981065
70.13811565701721
141.07726122092254
134.82936524399346
167.99129500234932
178.1603160542997
180.00787117978123
174.46554739445506
168.8504029781077
167.87541912907847
168.12885025939016
168.23707217057085
168.51017892066247
167.55989979499614
167.75142538794364
170.18594394578184
171.90002372039268
171.9720726613758
170.74665750542306
168.31180353920007
166.88028959113143
167.87090177691707
169.89177781721958
172.30194121938547
174.78792963579
176.565387625603
178.1982288151309
179.9463479358936
181.06312450933865
181.42112546615496
181.07222062799124
180.10529364489207
179.32152462909414
179.22367659875493
179.53161532593967
180.05755021367565
180.43584997021452
180.3198577633438
180.071113954511
179.91219666693462
179.82300960443715
179.92424284681067
180.04443408772147
180.03780764087276
180.0239131195503
180.00604926773573
179.97937330703093
179.99341332431507
180.0071701294058
180.00043965187126
179.99977318353498
180.00059768869025
179.99856353011376
179.99987773300114
180.0009111622721
196.47969395777912
196.43014419020258
196.4766846315708
196.43809171994837
196.25326119084082
196.12937307083493
196.18237769932816
196.5507097696837
197.4500093119692
199.0365652747778
201.38538415265015
204.42453964799512
207.88141240669822
211.21476400030062
214.2170415035469
217.45467756424864
221.35236716266206
226.11291842226797
232.65966054097228
242.57642216304495
253.59236857565574
256.72673030530615
258.677639748313
258.6376654867855
260.6683289388641
255.38243600664654
246.04035295303993
251.9563743703507
251.47427591888123
235.8187985044586
236.61575876640467
235.7640032467264
230.17362373249574
228.409282020646
224.40378623505094
231.7401328050204
227.13168035566437
229.69956035132716
230.0319558066365
233.1032984892931
239.1825017010624
245.22976190414377
250.3769107289118
256.6709076598066
263.2426822343062
266.38564195235244
264.92298650643545
260.41550630075955
253.90367090751099
247.13790925621194
241.67237380025816
236.2220204998814
230.45762211899444
225.88713770853363
222.56228409614013
219.95836038336634
217.94552776148288
215.88264076239116
213.22741258423486
210.10761187859967
207.0064914689842
205.15928699089955
205.59683064976645
208.2888361898454
211.8721576305213
212.2776125587337
208.9049109107618
208.75150981197763
208.21340644419485
185.62710201201574
185.5248288794649
179.21434660815842
180.9837190370675
181.73236955922033
177.40695070669364
176.36786595334183
179.53698401945692
181.43825454768384
181.56850632227182
181.22772958702558
179.98053954558176
178.97552041383057
179.2759930198201
179.82417358713948
180.17650068003323
180.4101180985171
180.18479810860578
179.9067255034274
179.9122861064488
179.93643902797714
179.98430745270198
180.05009117858054
180.01578638261577
179.98391984579186
179.99915206379058
179.99982248238047
179.99853784649235
180.00366699864185
180.00024186594172
179.99778201786538
180.56362419518635
180.14398362627068
179.69689927708524
179.24316025792595
178.59921596552235
177.25026953194356
175.5189767747001
175.4187349768319
176.77957746364902
175.5189143156333
173.13342479013255
180.4007761016838
170.56485923355177
173.69419493070131
171.664340494131
170.96330586822648
167.2972980470173
162.06803017591247
156.4107940389011
154.965017396539
158.20234154430034
157.31040559705224
151.69079578902003
154.5288115587813
152.20788877932327
148.23365766009616
151.86475131605968
142.61584386386193
152.54166298510376
151.41683726680645
149.15193637004833
147.95846776909283
148.88437747834703
148.70839589960565
147.5103321842603
146.78043351248886
146.43739618312026
146.5235077922383
147.35683711869103
148.49632045189736
149.77480659461347
151.73894477228112
153.35331475966987
151.16870519518199
146.90831737693574
151.34901650978867
151.19759682095352
155.38468202031683
157.24401235195495
162.58815894081067
162.74258018687914
164.95819673317624
166.48370503396407
168.1214835784597
169.88888412727786
171.51012260642207
173.0955792124682
176.00139843927897
177.45765778006268
178.73119499038646
178.58278203190523
178.50484777419277
178.8338962322213
178.61825817907666
177.88279525643642
177.52864664132707
177.46837548220222
176.75989126165365
177.7064836667921
178.0687100277614
178.6193692533876
179.28187289309014
179.99249791141705
180.4605970342435
180.59328735577733
180.4170517423136
180.0195813822804
179.71035509043858
179.6950273176892
179.83682325947552
180.03610527562037
180.1716714854418
180.11399120180127
180.0129247984162
179.96525021928034
179.94034139240955
179.97537175548769
180.01797666527276
180.0129506027998
180.00587049165173
180.00185320258424
179.99375857166478
179.99781248944856
180.0024407120374
180.00016449587744
179.99977476463354
180.0002038353153
179.9996122579907
179.9999477820552
180.000267052131
167.4292749989824
167.46070365865623
167.00066646416835
167.87372067220127
170.19187233982063
170.74862611534292
169.12142814952668
168.93312058752844
169.7614585168373
165.80688056477567
159.45366101596014
165.36825886985446
155.6444289847659
154.92336553372425
151.4601493121095
149.41910947664962
148.89035362547173
149.44150172610784
150.65981035979965
151.93014552650547
151.29629239693062
145.24038816199163
148.38958559461432
146.91760755358445
145.74916013272588
141.19461895480094
150.65970172511618
145.82733459830314
149.06195108858995
152.63864574758182
154.28818465852498
156.4051763969581
156.22952116784214
157.9493014414593
156.5624162082192
156.48613705920803
155.77633431874247
155.22498084191335
154.8617217544304
155.00272608046131
155.13208158019788
153.35977182588442
149.34616294034774
145.6571789670065
143.02888228703708
139.41039321992815
140.49655038363218
141.07601101540965
141.9332088709796
140.7273230362021
140.43338360057697
140.14050640132444
141.57823327239782
141.55357780390534
152.73588473528466
156.11787645147575
159.8901780045106
160.75867440788036
161.45674088213212
161.43452894437704
161.80827067134967
161.5739175391374
160.42938028181058
159.99269128645378
159.51215930967686
159.16319088172645
158.20950007083945
155.90751308186373
157.1911137234772
177.7561839004962
176.713314283818
179.60544752740438
179.8716350383136
178.55838045457722
181.5504761988007
182.59782741762277
180.56975133870853
179.20207778449435
178.72733543947794
178.8414203980436
180.0405757272381
180.89460613518546
180.5423722501522
180.09606075464762
179.87038280429027
179.69310630249643
179.85629288498498
180.07260998493834
180.06785273762162
180.04708132695845
180.0117652066411
179.9621868769285
179.98798760049834
180.01234720721976
180.00063721606278
179.9999935479501
180.00113045693777
179.99728980107116
179.99980374131218
180.00165547131203
