160.47
159.49
157.35
158.59
151.67
159.58
146.86
150.49
150.52
152.69
150.82
152.32
146.55
145.65
148.27
157.51
161.01
145.36
150.23
157.57
155.94
155.97
158.93
161.94
155.29
155.04
162.34
165.08
162.34
165.04
163.76
163.77
165.27
155.78
161.26
163.53
164.57
161.54
162.9
162.36
163.5
163.72
164.09
163.39
163.68
164.89
165.83
165.82
172.07
164.71
167.45
144.82
157.26
165.47
161.38
165.17
163.46
158.92
153.19
168.46
161.29
161.42
166.3
160.76
166.55
167.82
164.13
162.17
160.36
163.07
162.59
162.57
180
180
180
180
180
180
180
180
180
180
180
180
180
180
180
180
180
180
180
180
180
180
180
180
180
180
180
180

