160.38
160.75
160.52
159.95
161.81
154.99
151.82
140.68
145.85
147.58
132.53
29.86
256.52
87.79
119.6
128.23
8.85
16.61
67.06
87.8
3.67
350.95
41.24
33.32
358.51
8.61
42.37
48.88
36.22
25.21
23.91
22.15
25.15
23.33
19.69
10.47
18.52
14.49
13.77
17.94
16.2
18.81
20.37
24.26
34.65
45.68
39.23
40.58
20.58
6.76
61.18
76.78
82.17
87.65
106.12
124.55
131.97
125.84
128.14
139.17
151.06
146.71
150.61
145.28
159.29
143.11
160.99
156.05
157.58
166.98
162.51
167.4
165.11
167.86
172.09
170.67
180
180
180
180
180
180
180
180
180
180
180
180
180
180
180
180
180
180
180
180
180
180
180
180
