210.03019059253035
210.15179527536804
209.13130124994555
207.9055190906704
207.22621590123154
208.22363096904445
211.0220799731047
212.89545176460592
212.0143701562395
213.14709850797107
215.40667017235015
212.58164905534105
204.05629236799675
196.8346198218783
203.24649638621938
205.73508508033305
205.43749177669852
203.26416874173086
202.64454696819462
205.77512312001605
204.92562687831457
199.60529419960034
201.08142321464666
205.23138020456673
206.297696917241
201.55403508600833
206.7076075469207
201.30014248714735
209.3803579725899
199.93202028874992
204.11423917856192
206.79502831605546
204.34518553646924
205.9019212816235
205.61332155464558
204.4828238172524
202.4824630821468
200.85887637081348
199.9522749083199
198.39715609246386
203.70598844846043
203.90157516730798
201.33653344266648
201.38088111129272
205.28238946663564
207.71398418363617
201.71388368901816
200.868093196975
202.98808374127353
201.30009435776833
196.3722620390734
197.6730072273433
199.7601132950317
204.02280339296806
204.69878177704098
197.61757755035757
183.60634443968075
178.405832587917
179.22439275975603
181.61432261260677
179.61329663085726
179.5713194059276
180.33975464647102
179.94635547276795
179.58877830566624
179.76665572278435
180.26105190549137
180.46559238633415
180.12735573056926
179.83873389875973
179.77846843048238
179.81819397356327
180.01969720805917
180.1626530116041
180.08087885061389
179.9933620879812
179.97064989127978
179.95530883815266
179.98876867693284
180.02265170316858
180.00727844729374
179.99676305707797
180.00042037355504
179.9978346185113
179.99912909480244
180.0020702515469
179.9999741557779
179.99906084457868
180.00019890122653
180.00025115930242
179.99990578320916
179.99995871554927
180.00002292515384
180.0000041495517
179.9999964509023
179.99999975084455
180.00000041445256
179.99999998656799
179.99999996802117
180.00000000556204
169.6136489199015
169.53960665778058
169.91016518506888
170.9090560475172
171.2342327674525
171.6788573141203
171.67022395752682
171.95684842842786
172.64968151377067
172.92489315341427
172.6674790752721
172.68365590573296
172.84698170077843
171.95025739624336
170.7885063741085
172.080694077363
175.67574325501874
175.96008543131123
176.59064007032157
181.3049253010505
179.38260317205697
180.54868577901215
179.8042726299958
178.75452533559346
179.5300307350451
176.89566979797956
178.55948034107575
182.7002241347804
179.96188992550785
181.47778847302934
182.47247583207877
182.39828654610642
181.23227694145993
180.82466916323423
181.4105194380667
181.45196854624334
181.21918584874157
179.6793153906813
176.5578290187483
173.6958918547729
170.51050933066713
170.53951852691128
174.08371173035613
172.8632961632946
173.05981649098123
171.84677698379915
174.09594146428188
174.61735641673332
174.38776135254332
176.64486586606526
180.8306527264698
181.84508394545753
178.97296055264724
177.72616816490643
179.4070110672553
180.31301020119275
180.05245162734823
180.01649563932722
179.82041050808758
179.6555513278992
179.99249254373007
180.21242860281615
180.09978979535492
180.02899089036083
179.99708126169304
179.94199390557165
179.95363981694132
179.99272060911085
180.01101704643875
180.02125325557807
180.01147842308836
179.9968398412872
179.9962770093149
179.99653092815316
179.99716009630097
180.0006758702403
180.00131645593433
180.00076706646604
180.0004131142081
179.99966318436586
179.99967383674257
179.99995679737725
180.00001133706527
180.0001034326005
180.000025417613
179.99993290880514
180.00000279852532
180.0000264327278
179.99999274433418
179.99999426724995
180.0000028683615
180.00000044688332
179.99999950462254
180.00000006116176
180.00000002181042
179.99999998821863
180.00000000382113
179.99999999987625
179.99999999970524
180.00000000005144
188.8693660737108
190.85910703162307
194.27894171377426
197.3863490027855
200.12817770396765
205.46839508575547
210.1420117667113
200.16397912229024
193.0989762134759
202.0849816026539
196.8724041506878
195.07336957257
189.27061260326929
202.08817370624752
213.0485418971199
200.1037169449377
196.00697231335081
228.1257302299411
180.88520128894766
198.28055654236778
208.41882214752155
216.29855979948624
207.12500464818606
205.50969014572107
213.63282772450253
216.82454629307034
214.84757607650482
214.29752798678143
214.56648022397331
214.76626384502808
216.16649331482685
217.87321412888002
218.69957858037105
218.29292680600054
215.35635037983235
208.1001909790262
198.6680384642844
195.7228552248931
198.1262041862949
186.38257093379397
206.5064710960143
199.42017561531995
208.7378852005283
206.28343436873848
203.51634082024628
199.09956961143456
195.9145485780832
195.5397839381046
189.75938166497863
186.56128165216563
187.02383063944075
188.3354839744886
191.48008129196302
192.89620424227624
190.78932054402986
186.99090953398544
182.78335437401824
179.54816467479435
178.81517750206712
179.3496633499513
180.07383561783644
180.6541046101358
180.34398163828425
179.84933409199442
179.78064972952558
179.80859803537066
180.03441834865268
180.22360382570213
180.086090986815
179.94838383009713
179.91486873168256
179.91250756147744
180.00083352123679
180.06974539031384
180.03479841415603
179.99926800280053
179.98842118575507
179.97955082648141
179.99482501831474
180.00987884862175
180.00314136802243
179.9988564381297
180.00021104705374
179.9988933651227
179.99962801690492
180.0009545167004
179.99997547444295
179.9995806497265
180.00009248425226
180.00010967796933
179.99995776115014
179.99998261240634
180.00000998239372
180.00000161709033
179.9999985236504
179.99999991310605
180.00000016439154
179.99999999467232
179.99999998731573
180.00000000220626
187.17839000710475
187.09538415143444
186.92140129949368
186.96477763815003
187.31068644764355
187.7532733962204
188.96336379624822
193.04709960648654
194.78796425207074
197.42908798657194
198.44074694659724
199.36928396042222
200.3927086337769
200.4640898007977
200.54082913808995
204.16232406045722
209.13739300440074
203.67639974344482
209.300771282798
205.57841912661067
202.57723273810345
199.88567456112742
198.73510494509418
197.36823636711955
195.42569282210064
194.07902607735224
193.28285112133173
192.75409398534438
192.58460509441292
192.40314627867826
191.924916536554
191.30172882722547
190.67955808134764
190.37980214556097
190.86525293714206
192.48548439420713
195.5443656953568
200.14115874203145
205.7299774343101
210.79541515333534
208.7507239288594
209.54889184979936
205.10405325866836
201.81942792713397
198.1029047387883
195.423803224391
193.70448796131848
192.3085605991766
190.45912970938187
187.81345246315863
184.60599173673646
182.67088234023427
182.5612683753437
181.79708972096398
179.9286541199772
179.35917513906148
180.24066228103405
180.58720329164666
180.14712044780896
179.94098601720376
179.9749698089645
179.91705836469282
179.92652692815113
180.00690189066833
180.03648188778504
180.03375548758277
180.00190831792688
179.97638602367954
179.9921806777513
180.0058187893768
180.0046220511428
180.0042785680357
179.99818631980858
179.9941990852335
180.0003408499465
180.00338141076992
180.00022198011908
179.99903439549186
179.99967402972854
179.99971054536596
180.00016602888155
180.00050713560427
179.99995806505754
179.99969539619812
180.00002642654078
180.0001237618315
179.99997632416668
179.99996178908546
180.00001189499514
180.00000824165855
179.99999622346343
179.99999890170366
180.00000075162518
180.00000006793033
179.99999990842434
179.99999999958345
180.00000000781804
179.99999999974673
179.99999999939686
180.00000000010508
193.60967655296943
194.03140018725952
192.99499608734192
191.65443850981916
190.6135294948979
190.46187714272241
191.72427194930725
193.44305967331252
194.66483615271406
194.81735715833648
192.56309704644113
186.3546783668753
177.90572594372605
174.40877652790317
178.6267428814556
182.70700066775368
183.411411194143
182.17096988268895
179.54324245551166
181.52981075015734
184.01086051724482
176.8786260098689
176.4607127657188
178.03714976106735
178.63935096440565
176.93122917573325
178.16465078836495
177.01036285002755
177.8489054213442
178.2873695815716
178.37873022428516
178.1135468211578
177.56826317417773
178.14536329613603
177.60778359782475
178.72302604142175
180.07249823944383
180.30812226272698
179.70914715699428
182.2512692034994
185.37608454566436
175.39788945341877
177.49923731478935
177.4650786362296
185.90390455954068
188.2737575641626
183.59208365064018
187.32698730621792
186.8708182915558
190.17185814939782
191.51923744638722
194.58971014131276
197.75385013290892
198.00650703522672
194.54182554154835
189.39679579658406
184.03609862315585
179.7739883465146
178.1389595914887
178.53538347302114
179.89952362037914
181.00883918712682
180.7539757181885
180.09356880578508
179.70282102264588
179.5261033278722
179.9175262158212
180.28005578180182
180.15572891378312
180.01062518578283
179.9086110657392
179.85076807108416
179.98787184174788
180.09265677689567
180.04586498136712
180.00560122574427
179.9861686910395
179.9685701642719
179.99293144208255
180.01444641782496
180.00396041116048
179.99846875082173
180.00041829572746
179.99836857494353
179.99948168311784
180.0013461924004
179.999955997355
179.9994204449988
180.00013104911875
180.0001492956054
179.99994149905746
179.99997691942428
180.00001356186013
180.00000202238184
179.99999805778012
179.9999999018142
180.0000002085514
179.9999999932411
179.9999999839084
180.00000000279888
152.953784004665
153.5282362100409
154.975348112677
155.67332763958595
155.92441653255918
159.2478450522462
156.88539103218505
156.23157557970563
154.2117852388483
153.20277454529736
154.31157264144028
153.5788443519273
156.84297127721786
157.70391928760662
158.12537351317403
158.55899567577913
159.28753850421148
160.44211698564592
162.05945574485426
163.68195439183444
164.1441687020994
165.17282638383682
165.66593325496373
162.26701739686465
163.76209541498955
162.1219395746739
161.84571076150095
164.78063630918552
166.71761357712563
164.58475173401217
166.57151253675784
168.1600713383869
166.25396887413666
166.48095924086812
166.02989089617478
165.58366977379242
164.7358556929028
162.69863492043598
159.90915195729175
159.37002778541893
156.11119243281897
158.37245258394523
162.11244786010602
158.84234752587756
156.85278377401622
155.97078997818826
160.55808851904567
159.13456364934615
160.82081749735093
160.82326699760526
163.05187417229186
163.19175200244737
161.88559604580183
163.1160951793659
164.9667096069055
164.23214593391023
177.05564632370843
180.59570242909203
179.76341588360341
179.09310191121585
180.33577796539265
180.35932677519315
179.90990830205294
180.10274196798832
180.2565739828458
180.10567370762263
179.77349673251936
179.65861253910177
179.91505690874595
180.13164660322207
180.17525961931233
180.13536777168338
179.98186953950727
179.87548768443682
179.9371057749298
180.00511367179277
180.0232989331013
180.03448897056379
180.00854362308476
179.98241803395086
179.99431852222088
180.00256768960156
179.9997384991241
180.0016887636375
180.00064932720207
179.99835674499943
180.00002270158964
180.00075409781763
179.99984494987578
179.9997940654129
180.00007489069174
180.0000355499223
179.99998110272168
179.9999960589803
180.00000311493386
180.0000002646201
179.9999996142708
180.00000001250132
180.00000002976273
179.99999999482372
167.62166048951292
167.0546477148376
166.21702038638165
165.96153040426708
166.4969681425792
167.21558710665136
168.16712186226738
170.29793846213298
172.17197895675477
168.7338074022053
165.93486968849453
189.07891723470792
159.54914186311643
160.15947685544378
162.97397433721795
163.2314168931829
159.341053306836
156.3743689333515
154.44185669447793
155.26514231659212
157.20788390437173
146.78576599560697
147.18805708738793
149.72134765567313
152.97779487824877
156.5994420567692
153.88692689934726
153.00831518266145
154.70662132932188
154.0551222428611
153.0374885609664
151.88880791242897
151.21949041668074
150.9179165421949
151.5696586113353
153.1561998759202
155.086293639715
155.92562325285908
155.1660822954048
154.45603467356443
151.99691218990955
150.4141098442241
149.63020725844783
150.3109552391372
152.32729983042358
154.67970830901305
156.72263934814953
159.11465864376356
161.64598715357772
163.09544287803567
163.34809756546704
163.34931730505434
163.81002660963472
165.51944981825196
166.4750900849907
158.90139012755586
177.59800750835004
180.11395542412097
178.3632509209417
177.85261488773764
180.3819281335155
181.0301983193938
180.46231215968209
180.43037613764355
180.24790428582173
179.7999350424803
179.50558514091517
179.5639636078301
179.96799929025653
180.27603532058427
180.25572567556227
180.12364783354346
179.95215050835074
179.84050382641692
179.92293797304367
180.01987696878751
180.03181948990567
180.03508442096862
180.00940832475976
179.9796302240844
179.99299157829702
180.00405731807507
179.99986791169732
180.0013619636146
180.00077805672697
179.9982466765617
179.9999763468298
180.00086375638003
179.9998393700273
179.99975206324717
180.0000847078491
180.00004614695408
179.99997708685513
179.99999422653994
180.0000041389071
180.00000043408548
179.99999944801746
180.00000001788945
180.00000004259076
179.99999999259262
189.07145146593226
189.15573007527686
189.40739389753767
189.79318119416172
190.24589644109258
190.64775233025938
190.97867148809672
191.44681496799046
191.9377031745316
191.76051615817627
191.36010209749764
193.10958167200005
196.012543867237
193.20226501556675
192.14819527920653
193.68205450853512
193.93427180715636
195.70355149584412
195.46523105209664
196.84895254448202
199.12367677365054
198.07999434880216
199.16762783959138
198.42681705020746
198.52638649964842
198.84842448559382
201.75518232737397
203.4726298612356
204.1624636419549
205.02986252839227
206.14186239917998
206.352712314715
205.74620103251758
205.0718053690299
204.57452116828205
204.37462921332298
204.23302266526565
202.74320309380255
200.2018843847529
200.32769761531281
202.12766803139206
196.51748105040085
201.12247803957908
197.55327462376238
193.71990976218046
192.0794473587734
194.23224319859514
196.31801717176478
197.33872340471
198.78490511167323
199.88018168918234
199.54429943138496
198.48384580461146
198.61148060151464
199.05284961285747
194.02664304320282
183.73460302026416
178.83830725188838
179.12766475367587
180.3134577522101
179.6101088288983
180.07142019816544
180.5509210020074
180.14208573336484
179.68168511499488
179.63006802094964
180.06434711409298
180.3346074694888
180.13652217308288
179.9505045275415
179.85805712456167
179.83722994574399
180.00054087766003
180.11862376506946
180.0600251812453
180.00230403074667
179.97982743857503
179.96255412675032
179.99127885078107
180.01788842426933
180.0053294537834
179.99784596338912
180.0003787962917
179.9980558709847
179.99936310465824
180.00170609360825
179.99995427897179
179.9992435879192
180.00016277129433
180.00020151244328
179.99992450443432
179.9999665322951
180.00001843053306
180.00000345346015
179.99999710398822
179.99999978632584
180.00000034314624
179.99999998887898
179.99999997352313
180.00000000460514
187.5066073852892
186.94321002851774
185.96265583608258
185.97406265104425
186.47201297302738
183.5216674401817
178.5343234359442
182.0719601439673
190.25913643453603
174.651832241894
142.49330484431405
202.37209396379285
168.39975864725199
147.03571638009984
171.89679265776996
161.96454444800833
160.95677971393008
158.6874609034243
155.79588268978992
151.18177693277386
145.69321326285478
140.8952770254496
138.2276475691375
134.3806488667642
129.13356119379682
136.93939287103794
134.63265869701752
139.3576653438209
139.33361278237865
134.6070303116376
125.46897218810234
119.32398806395918
119.31716933034821
119.55284666113873
119.84276781005534
126.45797827577805
137.83485895338904
144.65831176512967
146.1692736398781
153.34784242534488
165.97890677343932
167.83562224597813
157.8758705448568
155.40831019670463
163.49500078217739
165.14119574614463
158.81948853984161
158.14243856370004
163.87164280974494
167.32599029773237
168.09695794056796
170.03337039546318
172.6078786573744
174.5803151111672
176.4057020730839
177.7733986236444
178.3431334022236
178.7601178365452
179.2991760046009
179.75449239541004
180.14277577798876
180.33829737539511
180.21647682603344
180.04882247239178
179.97118276699777
179.91255599651942
179.91651597888531
179.96644968742558
179.9989497167365
180.0283049029419
180.04393445281406
180.02668554992587
179.99408872146975
179.97526969748637
179.98359097547777
179.99791106337764
180.0063537970038
180.00972688325731
180.00217421369652
179.99557147552127
179.99841658850377
180.00036856200998
180.00003847199469
180.00067949164173
180.00011153803374
179.9994320043825
180.00002789136772
180.00025764507416
179.99995005878114
179.9999256949377
180.00002455356798
180.00001479033872
179.99999305442722
179.99999794538388
180.00000136541743
180.00000016624045
179.99999980688267
180.00000000625892
180.0000000149009
179.99999999740854
192.73754279171615
191.9931436605848
192.78718437869819
193.85359708068694
195.13936036542026
197.7279399821468
201.01501404633893
202.93834014699547
204.67927360710456
212.61101905198174
241.1874130714901
226.4929208730919
216.96905627551556
223.10843935146826
226.26642951080376
237.4069376467885
235.5097573209421
237.21045747079665
240.96764846181065
242.15035281569823
242.54336177313843
243.76375774081734
245.40244898707405
246.8019306422115
247.89619932923634
249.17806276709655
250.12772906611522
249.00508458836003
248.9207804136477
250.85023278826898
250.0279806318137
251.32488622258546
251.89936065342405
252.1001009805845
251.63887806203624
250.7504129328133
249.7300218836237
248.92536494556165
248.55524889266763
248.2049040019546
247.35837284888663
245.4174065414756
242.0457462085038
237.9241304054687
233.96826449094462
231.34963684934385
230.9899179312683
232.45709159399885
234.2019654592115
232.82288760871108
227.3778034439894
222.8169694569649
220.59600109789594
216.22334812030795
211.25850311110122
214.3164816823912
185.36095736607493
178.07468045487335
180.70186410679545
182.17203543563934
179.02462403644162
178.95376636195414
180.4242134013231
180.1704618093048
179.51067478917946
179.6268066252032
180.33356916030323
180.61468973651523
180.19443303959824
179.82841999678087
179.68318033486634
179.7079937732647
180.01951833103737
180.23552688897757
180.12454908790264
180.0024005536576
179.95579758299672
179.92588320754834
179.98243348527274
180.0356388683635
180.01131213632254
179.99575345801725
180.0005379921006
179.99595209973666
179.99876056725742
180.00357632158128
179.99989915343193
179.99839863491104
180.0003363471113
180.0004342368602
179.99984145546313
179.99992492576973
180.00003988834138
180.0000083771674
179.99999340372835
179.99999943478622
180.00000081914982
179.99999997345205
179.99999993679495
180.00000001099303
186.58452065150215
186.87802234597444
187.46825722412754
187.54079026288207
187.02494449335668
186.78057037199792
186.921265147958
186.5789474905306
192.15182824271935
193.19168111300863
190.46945898563146
185.59691965719747
184.52562649674536
182.59833285605993
182.6353246290713
183.59524619340894
184.389302862721
185.03738300696398
185.01421182559
183.7851392813429
181.83248276104598
180.6417012871945
180.86219698711795
181.28129726006136
181.3120756886289
181.02240661122437
181.45599466806732
180.23775188567384
178.9246559820591
180.9279706339516
181.16212244138694
181.00949759433658
183.26151754556565
183.67553488756124
184.17924118394748
184.09459641350426
183.87839474163476
184.60862183261062
185.54428585863903
182.40447108719366
176.80184982459437
180.8911544073926
187.96489539825347
185.56544470587784
184.97974024914703
182.90803895736158
184.5396040510156
183.3882754059534
179.27830956300085
179.73942079319596
185.69780441793603
182.2917492006396
170.46217355287763
181.86647126919385
179.55288063844367
184.7518928162509
180.25064853381642
179.3159387894741
181.1562204193746
181.5370461711356
180.0081075992615
179.37413179781637
179.41781927687543
179.5574648300028
180.03171810143968
180.39302134650944
180.25363091718768
180.050022181568
179.95228079306168
179.87159510646526
179.9193776942264
180.00954559732855
180.02865151664702
180.03255404680706
180.0148013002611
179.9878260791514
179.9915560441725
179.9982011552904
179.99881641151822
180.00280266593867
180.00142938902837
179.99881178283482
179.9999139761494
180.0001591252591
179.99985200352316
180.0001541450607
180.000036545634
179.9998882259174
180.0000126524671
180.00003728140368
179.9999892360264
179.9999920133909
180.00000348432042
180.00000117966505
179.9999992608286
179.99999989965272
180.00000010949674
179.99999999645138
179.9999999915514
180.00000000146957
166.75721808649843
165.96557136668815
165.78117179552268
166.22951368466553
167.26470994839687
166.7781418646297
165.2618962838395
168.2388179084572
164.45027488962214
164.95318351630428
172.55933179007718
171.68845169927673
163.89632332551383
158.9514994283092
160.13570787557657
162.26628818228022
164.46798401397982
165.1521016252191
163.32887706828564
166.0096739353126
165.3531957144176
166.75928651241694
165.9764885681375
165.31734744480224
164.6585201449597
164.0736248275442
164.02482440806327
164.45722243423384
164.64687925844785
163.72741314140467
165.02771600034333
164.88475467731894
164.72115200403033
164.498473794077
164.2559963689273
163.74577467290757
162.85796311788198
161.4055141916308
159.62980951829653
158.7552994783092
158.77623455992938
157.3651346106505
155.98199975266374
162.4633907259053
161.47563710482953
166.15611593721985
169.43837928689243
172.76092722077115
175.48402820232477
177.13758872794105
177.19866675501012
174.94475002625109
171.51926336757776
171.35259780652586
174.36384692700685
171.97986245146993
178.67404414143405
179.65626163384204
180.50491298739198
180.30697960567056
179.93072049099297
179.62528996082142
179.91864365667283
180.23732471165596
180.16662198175317
180.05596649876418
179.8864309135267
179.78999994843375
179.95196139330102
180.09087789244361
180.0909870201772
180.06123023633182
179.98872795040336
179.9348646167089
179.96991316612835
180.00696495590037
180.0113943587383
180.01468865759125
180.0039834161561
179.9917767609341
179.99729149163286
180.00149863741336
179.99989200939424
180.00060901389182
180.00031709154746
179.99929505002368
179.99999581392663
180.0003371166422
179.99993398711015
179.9999058826328
180.00003340006833
180.0000166839394
179.9999913474156
179.999998069163
180.00000147222093
180.00000013554177
179.9999998126817
180.00000000607096
180.00000001445346
179.99999999748636
