190.63
189.26
188.3
189.46
189.5
189.51
189.92
190.45
190.45
190.49
190.62
190.38
190.43
190.18
190.36
190.27
190.43
190.33
190.05
190.18
190.13
189.27
189.43
190.15
190.48
191.05
190.11
188.01
189.15
188.85
189.43
195.48
194.99
196.87
200.78
200.16
205.66
206.7
206.21
209.05
201.93
207.56
204.55
204.7
206.07
206.92
203.17
208.8
206.98
207.14
208.41
207.12
206.16
205.02
207.6
207.49
208.71
208.57
205.08
205.52
200.28
201.69
200.32
198.72
199.32
196.14
196.18
197.05
193.83
192.42
192.11
192.28
188.34
190.64
189.2
188.68
189.08
188.36
188.14
188.75
188.31
188.47
180
180
180
180
180
180
180
180
180
180
180
180
180
180
180
180
180
180
