203.22
204.96
202.77
198.85
199.86
199.43
199.5
199.9
200.24
202.25
200.71
201.08
200.5
199.56
202.26
202.8
203.46
202.78
202.11
205.8
203.37
198.85
194.96
198.86
208.63
207.97
205.97
209.78
208.94
199.6
200.11
216.66
198.38
192.48
203.91
209.09
210.55
186.44
207.1
189.84
197.27
194.51
195.08
193.13
195.68
203.4
203.3
196.34
201.68
198.82
206.49
201.31
213.27
203.93
200.92
204.16
200.56
207.06
205.73
217.26
212.41
206.71
208.18
212.31
208.96
200.74
204.17
205.7
206.45
206.29
203.54
201.77
204.57
203.3
203.77
205.7
180
180
180
180
180
180
180
180
180
180
180
180
180
180
180
180
180
180
180
180
180
180
180
180