205.09
201.05
204.77
204.9
204.05
208.78
206.91
207.02
192.27
199.79
193.5
195.97
197.49
205.15
212.53
207.48
216.67
200.66
213.06
204.92
203.52
197.04
209.96
201.62
200.44
211.82
209.83
201.94
194.94
203.83
201.12
197.15
196.33
197.09
195.74
196.09
195.29
213.9
208.57
218.36
207.53
210.66
193.56
195.46
203.54
213
197.98
206.61
210.58
202.52
199.65
208.28
212.23
204.63
206.26
206.52
205.14
196.83
198.02
203.57
206.67
180
180
180
180
180
180
180
180
180
180
180
180
180
180
180
180
180
180
180
180
180
180
180
180
180
180
180
180
180
180
180
180
180
180
180
180
180
180
180