211.7
207.23
206.84
206.26
204.94
209.43
207.25
211.03
206.36
206.87
205
205.04
198.29
202.94
211.56
205.08
210.08
211.32
208.37
214.4
204.87
196.11
211.97
210.57
195.38
197.37
222.33
203.97
193.47
198.56
201.84
197.41
197.09
197.97
191.41
191.66
229.21
209.83
207.36
195.88
212.03
217.79
211.9
206.58
202.12
212.32
206.86
206.36
211.86
218.5
215.65
213.63
214.42
216.63
204.3
211.67
206.55
209.35
211.27
210.67
209.69
210.29
209.86
180
180
180
180
180
180
180
180
180
180
180
180
180
180
180
180
180
180
180
180
180
180
180
180
180
180
180
180
180
180
180
180
180
180
180
180
180