182.01
181.88
181.17
182.53
180.8
181.71
182.68
179.38
184.7
179.94
182.28
179.14
171.7
194.67
188.66
191.1
193.2
184.67
186.34
200.94
209.89
189.6
68.36
126.03
193.18
354.25
9.79
6.29
39.48
6.59
10.31
20.75
27.58
16.43
24.77
10.05
11.93
8.56
13.71
9.72
10.27
18.46
14.79
2.56
354.19
107.21
100.67
180.08
138.01
163.77
164.64
181.23
177.08
178.92
186.69
183.93
185.14
181.48
190.05
178.46
171.61
183.81
181.58
181.1
183.23
177.85
180.98
180.89
182.65
181.06
182.03
180.7
180.72
180.67
181.83
181.77
180
180
180
180
180
180
180
180
180
180
180
180
180
180
180
180
180
180
180
180
180
180
180
180