178.47
180.41
180.29
174.83
186.72
186.12
200.25
204.13
233.2
225.42
224.83
215.28
249.93
229.09
229.4
246.38
216.32
232.63
248
257.1
261.91
263.85
251.28
255.11
258.55
254.43
255.81
262.47
262.83
259.69
256.46
263.67
240.75
249.65
235.61
242
232.29
231.59
219.57
216.71
209.78
209.05
207.85
203.52
199.42
192.29
183.54
188.6
180.84
181.74
183.76
176.27
173.04
180
180
180
180
180
180
180
180
180
180
180
180
180
180
180
180
180
180
180
180
180
180
180
180
180
180
180
180
180
180
180
180
180
180
180
180
180
180
180
180
180
180
180
180
180
180
180