170.57
169.86
170.44
170.84
170.49
170.76
170.92
170.94
171.84
170.44
170.1
168.58
172.28
162.79
167.79
168.78
177.48
170.6
173.64
175.16
176.5
171.02
170.16
165.34
168.89
171.92
166.21
165.79
164.94
169.73
171.15
169.74
171.02
173
175.58
171.27
176.24
174.65
173.21
150.84
187.78
65.15
121.01
216.41
214.72
193.82
110.59
160.2
134.02
147.76
196.98
219.46
119.04
94.87
75.96
26.8
95.2
336.45
37.65
28.86
45.23
47.34
73.26
45.85
44.51
109.93
187.01
205.3
102.92
111.22
137.65
145.01
151.41
141.83
161.02
179.38
176.38
164.43
176.57
176.49
159.08
165.52
175.8
165.28
169.57
169.08
164.9
167.15
167.29
170.52
169.15
171.41
168.88
172.12
168.1
167.06
165.31
171.29
175.43
174.53