170.44
175.63
165.68
171.4
173.69
173.82
173.12
171.59
173.52
170.95
173.24
176.83
182.52
160.26
163.96
166.69
173.24
180.48
185
177.8
278.89
187.95
182.13
179.11
198.29
115.1
168.76
191.33
44.78
148.07
56.13
114.39
49.43
140.17
33.08
31.56
35.73
20.52
33.82
43.64
160.11
132.27
36.33
158.2
179.85
175.74
197.03
160.17
173.99
187.54
192.81
191.35
200.21
166.42
177.67
175.03
156.7
179.16
178.11
169.3
175.53
176.24
171.03
171.99
172.29
173.28
173.66
172.45
173.15
174.91
173.43
173.92
172.53
180
180
180
180
180
180
180
180
180
180
180
180
180
180
180
180
180
180
180
180
180
180
180
180
180
180
180