174.61
172.28
171.06
171.77
170.87
170
170.64
168.6
170.23
169.33
161.85
154.97
159.04
157.91
150.55
150.59
157.22
144.34
151.27
155.93
153.86
155.87
155.54
158.69
158.42
156.08
155.3
160.93
161.85
153.82
156.56
159.89
162.22
160.36
156.03
153.22
150.48
155.66
155.56
153.08
146.59
157.26
162.53
155.89
163.65
160.38
158.47
166.93
171.1
168.18
167.74
168.38
167.26
176.83
168.3
171.09
173.3
180
180
180
180
180
180
180
180
180
180
180
180
180
180
180
180
180
180
180
180
180
180
180
180
180
180
180
180
180
180
180
180
180
180
180
180
180
180
180
180
180
180
180