194.89
194.23
194.81
195.68
195.65
199.07
195.9
196.57
195.78
195.99
195.76
195.6
194.73
195.17
196.22
197.39
194.58
197.33
199.43
205.71
216.92
209.11
213.83
221.87
229.21
249.59
248.71
263.34
255.9
254.66
252.98
254.11
257.31
227.32
220.84
228.54
230.54
232.97
222.21
231.36
228.57
223.44
222.09
223.57
221.52
213.73
219.58
233.76
244.35
239.97
236.52
242.34
251.2
252.68
251.88
244.37
241.86
239.55
234.13
227.41
219.87
216.49
212.13
210.58
209.41
205.58
204.93
202.36
198.76
201.41
200.19
200.45
200.9
200.52
198.92
198.65
180
180
180
180
180
180
180
180
180
180
180
180
180
180
180
180
180
180
180
180
180
180
180
180