162.11
161.8
161.59
161.67
156.93
149.89
166.31
161.25
167.46
160.34
155.14
147
164.3
171.91
57.04
74.01
132.69
98.76
48.06
41.96
63.95
53.7
48.43
36
45.03
44.27
32.75
35.57
35.43
41.23
32.24
32.21
35.43
39.16
34.31
34.63
34.61
33.92
47.42
42.63
47.13
38.83
41.39
43.32
62.41
76.85
115.24
118.99
150.46
140.74
153.49
155.85
155.4
162.65
154.08
155.46
163.41
161.2
149.83
163.05
165.82
163.55
160.91
163.56
164.68
162.29
162.19
157.89
158.37
166.6
161.81
180
180
180
180
180
180
180
180
180
180
180
180
180
180
180
180
180
180
180
180
180
180
180
180
180
180
180
180
180