182.54
182.89
181.52
183.01
181.45
179.76
179.22
179.73
184.01
188.65
189.63
187.32
183.27
183.02
180.78
178.52
189.44
185.87
183.98
181.85
181.6
188.31
191.82
195.74
190.48
195.2
201.18
192.78
194.49
202.02
200.1
200.04
203.28
202.74
204.88
200.98
204.15
212.43
206.45
209.8
206.49
209.95
199.19
198.28
195.68
211.07
207.18
201.89
193.35
192.63
186.5
180.85
182.62
181.53
181.52
181.59
184.72
185.58
187.28
187.28
187.86
185.19
184.97
183.35
183.44
183.45
185.06
185.69
187.51
187.1
187
180
180
180
180
180
180
180
180
180
180
180
180
180
180
180
180
180
180
180
180
180
180
180
180
180
180
180
180
180