199.49
191.22
192.08
191.22
191.92
193.22
196.73
201.29
199.02
184.53
199.27
205.16
192
198.87
209.41
193.81
206.82
213.15
183.86
162.68
191.83
202.69
202.52
201.27
202.56
203.76
202.91
198.43
205
207.5
203.18
203.44
201.33
196.76
182.47
182.83
200.08
196.7
205.8
215.67
208.43
193.67
200.76
194.48
225.4
163.18
198.87
191.49
203.52
196.64
193.94
189.9
197.69
195.8
189.91
193.58
188.85
180
180
180
180
180
180
180
180
180
180
180
180
180
180
180
180
180
180
180
180
180
180
180
180
180
180
180
180
180
180
180
180
180
180
180
180
180
180
180
180
180
180
180