174.42
174.47
173.98
172.85
173.44
172.79
171.7
173.31
173.39
173.36
172.02
173.3
173.72
172.61
173.91
174.71
177.18
176.28
169.6
167.61
169.6
167.32
165.79
165.94
167.79
166.43
165
169.03
178.28
173.56
175.83
176.51
181.26
181.43
177.1
178.25
180.27
176.39
172.19
179.27
178.18
177.96
176.2
179.49
178.24
176.58
178.02
174.56
168.71
169.31
173.63
163.42
170.46
168.93
169.89
168.94
170.89
168.61
165.89
171.4
163.69
164.88
165.44
164.08
166.01
163.33
163.24
167.88
170.53
165.68
165.52
180
180
180
180
180
180
180
180
180
180
180
180
180
180
180
180
180
180
180
180
180
180
180
180
180
180
180
180
180
