166.86
163.45
165.6
168.88
158.66
155.05
162.72
169.01
187.17
149.2
169.93
164.03
171.6
168.74
159.67
161.53
158.35
165.47
151.58
149.79
152.58
156.75
145.16
158.17
168.73
174.55
170.33
171.31
165.23
175.31
155.52
167.62
169.85
170.5
161.24
163.25
165.18
163.71
167.13
174.97
165.68
164.53
158.48
160.28
159.39
150.15
160.03
158.9
153.68
161
161.57
164.42
154.3
159.69
154.25
160.36
180
180
180
180
180
180
180
180
180
180
180
180
180
180
180
180
180
180
180
180
180
180
180
180
180
180
180
180
180
180
180
180
180
180
180
180
180
180
180
180
180
180
180
180
