168.62
166.33
167.02
169.7
167.98
166.46
166.94
159.34
151.56
145.29
158.63
146.81
139.98
163.91
159.87
145.08
142.56
133.97
138.03
151.89
107.5
142.6
115.91
80.78
103.59
108.63
89.7
85.57
78.95
66.63
57.88
84.14
86.3
82.44
74.52
66.32
66.93
65.81
68.18
63.32
63.8
62.75
61.53
60.02
62.57
60.76
59.94
60.89
61.62
65.24
58.46
59.06
58.58
70.99
76.93
77.72
69.9
68.92
85.73
79.15
85.99
98.52
123.76
111.29
100.89
116.16
123.6
125.36
132.07
145.07
141.46
126.57
147.73
137.31
142.6
144.43
148.09
160.79
159.74
150.61
158.27
158.59
167.96
167.94
156.53
168.83
157.21
161.74
167.17
170.82
170.81
180
180
180
180
180
180
180
180
180

