186.07
185.8
185.98
185.74
185.95
185.9
184.69
185.12
184.28
185.92
181.18
184.64
182.51
189.63
200.41
180.76
175.17
180.04
186.85
186.34
189.99
186.16
194.22
192.91
179.83
170
184.57
186.94
175.8
176.01
180.65
172.31
171.34
163.62
169.99
167.71
169.29
170.41
170.16
167.07
169.96
172.57
170.32
168.67
170
170.64
170.72
172.28
172.57
172.51
170.63
173.57
171.16
168.96
174.15
166.19
177.06
176.97
172.38
178.31
188.49
181.76
182.99
187.18
188.96
187.21
180.56
180.9
178.49
186.72
188.64
185.15
178.18
188.32
183.84
183.67
183.81
182.3
171.84
191.53
178.9
178.89
184.93
181.63
183.16
183
179.59
180.08
181.35
181.74
179.81
180
180
180
180
180
180
180
180
180

