175.59
175.19
174.46
174.85
175.48
175.9
175.77
176.42
176.09
175.48
175.9
175.88
176.49
176.8
177.3
177.3
178.29
178.5
178.08
176.13
177.58
178.52
176.08
177.11
177.16
176.94
179.15
179.94
179.26
181.3
180.55
183.36
180.06
180.09
178.93
180.04
178.54
179.33
178.68
178.08
178.88
178.92
178.54
178.91
178.74
178.87
178.74
178.99
178.79
178.65
178.8
178.8
178.58
178.17
178.37
177.65
177.69
178.96
181.18
180.89
180.63
180.19
178.94
176.85
177.35
177.16
176.4
178.21
177.24
177.95
177.22
180
180
180
180
180
180
180
180
180
180
180
180
180
180
180
180
180
180
180
180
180
180
180
180
180
180
180
180
180



































































