176.02
176.53
175.77
175.81
176.76
176.57
177.2
178.15
175.03
175.75
175.35
175.69
175.47
175.81
175.72
175.85
175.79
175.55
175.61
176.19
176.42
176.93
175.98
175.77
176.14
176.85
177.08
175.95
175.99
177.37
176.84
177.23
177.75
177.37
177.51
177.37
175.41
176.5
175.84
176.21
175.18
173.28
173.53
172.25
175.77
172.07
170.15
164.53
160.26
162.42
166.44
168.62
170.1
168.43
169.25
169.23
170.12
169.2
168.48
169.68
170.37
169.61
171
170.79
171.19
170.86
172.05
172.14
171.88
171.58
172.27
171.71
172.27
171.17
170.51
171.3
170.14
173.35
171.61
172.27
171.51
172.79
171.88
171.8
171.94
171.66
172.63
172.25
172.01
174.08
174.08
174.44
173.69
174.37
176.36
176.08
175.67
176.21
180
180



















































































