203.19110887434647
203.58447692551863
204.58476283193832
205.96488610371665
207.4956168851215
208.8611391838861
208.49283692070767
207.5835993897183
205.99372640819954
204.5296207127745
203.65594487234574
202.77749565680259
201.37356455813378
199.00742835081405
196.88796865833106
199.99156493227667
209.6802889008962
220.1160027325809
225.79785504565683
220.41255125250734
205.71945914652298
203.6082465865048
214.384611736522
196.59684072263394
185.2078711071865
196.6712332392051
201.46662997673704
201.56911885429565
190.57315837150207
195.89970392087665
218.79234376460084
204.0081284673528
195.67345944754476
187.94196430903767
196.55298659140303
207.4632776253987
210.9350166955109
202.6112643226117
201.84549627399247
197.2029493705163
200.1161155155423
192.03897356007363
212.78790062771643
211.35820075715714
202.89576123260377
203.01842645226318
208.1360353451062
209.58496308561126
203.2018375450954
201.29306003301178
204.43593338899908
206.05019210349306
205.91944952189192
206.53569187505153
205.68527918661275
198.56874356361254
186.37976011899514
178.80862811351545
179.20597860049332
180.17546843355564
179.6453042814418
180.22091622762397
180.49833216136906
179.91295952192516
179.57439814055056
179.65015069618966
180.1870607589498
180.49617528738878
180.1688955259296
179.86886277266674
179.7737825205866
179.78555370021294
180.01212741561676
180.1749530726408
180.0878715990258
179.99747418843384
179.9690776725413
179.9486777206373
179.98765265533467
180.02539721087288
180.00784321010875
179.99657285095694
180.00046981327193
179.9974356994454
179.99907607622654
180.00237814230633
179.9999536221911
179.9989264213138
180.00022583697043
180.00028949290314
179.99989306226493
179.99995104714844
180.00002651528877
180.00000522585233
179.99999573992872
179.99999966329057
180.00000051548363
179.99999998329366
179.99999996022567
180.00000000691787
155.56815195866804
156.76670310975604
158.44447341518085
160.85240853321665
163.96769752077924
167.2312877758508
170.30657674806878
172.84444310371507
174.44942023638924
175.01047018811434
174.48338205608152
172.88151306304
170.96675255044647
170.57501418767933
172.36775666835774
174.65661816879944
169.75633657263637
181.65312611096013
171.0492538935389
173.10557264995617
173.60679309749787
173.44985516410264
174.88644933628217
188.53893738782088
179.9118249600468
181.93116506025373
174.87877400811
175.04028665399065
180.0881155101697
179.5729489398066
138.6099245990781
176.90601648626844
177.95218948841824
178.28148962538407
180.370314341147
171.42742677493695
175.1155287843111
174.94581819914805
172.31366832148177
169.0002949358993
163.5361523074936
159.490462730341
159.27057648602906
160.865799184483
160.7549826589143
162.1043627758047
162.87652974070002
163.0585168769871
163.06280402328028
163.1986605236232
163.694487239247
164.1834202491193
164.70718120086332
166.09966564078795
168.62361777403052
171.94496204361766
175.61873925168405
178.55794530703002
180.00855325284434
180.42400767695852
180.20680388865773
179.87983510020027
180.0041258121561
180.1719287050617
180.1436808921451
180.06606936204864
179.85129280796963
179.750308084895
179.93023034788422
180.09049717179377
180.1316993031393
180.10688016417748
179.9881278179295
179.90585274502473
179.9512189675811
180.00190555718405
180.01779499243804
180.0275668312814
180.00673997439557
179.98632902236903
179.99557688996057
180.0018162770228
179.9997897239519
180.0014260323967
180.00049910513502
179.99868112209055
180.0000264769282
180.00059680792083
179.9998751448217
179.99983840319084
180.00005934765665
180.00002757210558
179.99998518463505
179.99999700495735
180.00000240763538
180.00000019668363
179.99999970561217
180.00000000954103
180.0000000227149
179.9999999960495
197.2241701662076
196.75161788718316
196.13823302952161
195.30046084995183
194.30029731731742
193.4630927039105
192.80122572674483
191.90683699290773
190.97748477719955
191.17714463543368
191.9110048854761
189.62769890072795
185.43460839580084
188.4720602815678
181.2869052914911
184.75743427228355
191.64983586862908
198.50331521086719
201.32077016594886
198.7090704880573
191.7659730697303
190.77505566399418
197.8250399624787
196.62169095348477
199.79704080035518
197.80662377203237
196.85345909057173
194.43129526678888
193.06654599236694
195.16011710674516
199.81788353207193
200.44558214399902
195.41409064936184
192.75471093769707
195.4655088678575
200.42139910938167
194.1970430996085
196.18156920936312
197.05708034406305
196.6835359239551
194.55376264614364
197.60284118019513
203.033552608252
194.36750079715628
202.8345586712723
200.1781057536036
199.78638489278052
198.2597276394341
196.42324249045996
194.95900172947816
194.38835213577894
194.43183596179006
194.80810993346304
195.19718210068464
194.40625316999487
190.41418025577747
183.74283450172607
179.60601496043475
179.92171387322966
180.38283908796777
179.78379404636254
179.91537171093444
180.11951646368482
179.8855878784469
179.78161111281767
179.89073181012336
180.16506696696982
180.28485335723948
180.07876962216136
179.89824361715924
179.85794246904908
179.8848038315642
180.01272963237366
180.1027665706881
180.05217396998341
179.99672418491394
179.9809798705115
179.97089725418044
179.99281289430357
180.01464164342863
180.00471238678242
179.99795651425995
180.0002301200032
179.99853911920403
179.99946100777777
180.00138403714197
179.9999766992463
179.99936995785674
180.00013100363438
180.00017102299222
179.99993733734658
179.9999707633109
180.00001567986087
180.00000318485482
179.9999974464009
179.99999979012716
180.00000031284057
179.99999998986115
179.9999999758615
180.00000000419843
177.22619977750026
177.81192452048717
178.84046233154382
180.35475765372342
182.17362779350856
183.68852303988126
184.57899414006116
184.97876909055574
184.9404488651281
184.57445100660607
184.18479818279835
184.01882437487993
184.0321983005622
183.63975728890296
186.78054524943883
185.32646664676236
181.67277239927776
183.52914394847994
183.15664364531577
182.78120258053292
187.75391312207
188.49606871251592
187.728057519364
186.79721535380972
186.69951485431187
186.26614592605816
185.1479454678186
186.0719134483835
187.06699324494588
182.14676846717504
186.81161756295575
185.06583831759824
183.43879174016072
182.74472682561063
183.92053548853508
185.7420189084805
187.08844214009153
185.196953726158
185.63048537993535
185.32821354670824
186.64229396108345
184.2815949034131
180.7453660309287
190.3314451967073
182.8566354969635
185.1436003811728
184.17993492628253
183.07941635024412
181.89056679644776
181.71531272895712
182.76794676723074
183.76546337081356
184.13233395661354
184.32635105311164
184.08576993871844
182.91959334105647
181.18934633168428
179.95231525435491
179.67599365287631
179.78468196033626
179.9992905805309
180.2070106373591
180.10611673124683
179.941030958017
179.91777852425827
179.93259597069942
180.02592309210854
180.0934600085843
180.0317564830596
179.97416391052263
179.96194102898602
179.9644832034251
180.00210884660734
180.03017327764914
180.01436007666896
179.99861037137995
179.9949438414356
179.99192609060609
179.99799883830815
180.00415736257366
180.00127077996672
179.99936465778518
180.00007896096682
179.99962928985525
179.99984560637043
180.00036905402774
179.9999961695511
179.99983046160077
180.0000350003507
180.0000460904317
179.999983113617
179.99999214341182
180.00000422293007
180.0000008498385
179.999999315139
179.99999994437724
180.00000008358458
179.99999999729118
179.99999999355074
180.00000000112186
181.85952100348985
182.43684491456605
183.84235058753282
185.9153792608272
188.13334243125678
189.28801898110578
188.7442715786949
187.12944424173088
185.1551616380655
183.8916279017143
184.53590859233893
187.36584195122936
189.6686057653642
183.4262858300101
167.56544132978763
155.18137820353104
144.05161724233412
71.51999410027864
35.22695154812064
15.664729245376149
6.169811320218079
18.96335304090712
20.960776877301498
22.22069197474372
18.790153074722546
19.64999763033427
29.646319390224605
31.334867685359686
21.344982436722784
15.388754808996556
16.746137057825518
19.672169928454867
23.73160043047288
25.367187858073933
21.457050264672958
17.92170666864354
17.416725802820885
17.038170899527323
20.386238728267987
36.66409166100381
65.33010701029463
91.63818033129697
159.41273368135631
169.39555297618838
178.07879200233359
176.21330011896288
191.43878301657003
194.1433103880775
184.22145609570123
176.8380112042066
173.19984882465693
173.73118693666578
180.22518928610467
184.77152361323866
183.0113523426722
180.6314981507388
179.32081620359818
178.45162374088312
179.58835676139338
180.74381371016085
180.37356962809258
180.04304582425587
179.88952175855064
179.7102330232374
179.9629551344911
180.17441406375846
180.06035554117094
179.99354300903892
179.98972758534813
179.9613340380122
179.98528550234536
180.01514122876384
180.0044558186728
179.99976304066595
180.00342656264263
179.99960280649043
179.99806247948388
179.99943305999912
179.9999610017197
180.00045822637438
180.00021783604646
179.99982403040863
179.99998129566342
180.00001545781402
179.9999784631278
180.00003080385596
180.00000507184976
179.99997928883099
180.00000245988005
180.00000691042626
179.99999803686546
179.9999984791173
180.00000064929952
180.00000023245914
179.99999985766073
179.99999997986308
180.00000002147453
179.99999999930412
179.99999999834313
180.00000000028834
187.70098271097882
187.67116991101818
187.8500884939761
187.9889430991542
188.02065231611067
188.28472084470883
188.9382472676684
190.06610715961364
191.832686394189
194.26918423464
197.50072621336008
201.90475666748105
207.4658051945355
213.52898043383243
220.19883568295143
228.86223441714142
239.67002239968974
240.50619044387904
236.03743636283983
253.67964098882447
245.78606139582786
249.82510476799055
243.01711269895924
233.10338179091264
232.36537647584828
220.90178463873218
209.00175023349425
219.5590815227725
209.65525680855333
205.2022477824552
163.57280065660146
205.49843987711037
205.68551272387145
220.28843227460266
221.22221642163143
213.58158695354743
222.7599076673078
240.13369927609702
239.61045803963424
249.58685754567904
253.92140817758246
258.1593178899691
258.5500281851715
239.26319220488656
236.60107482734546
222.65628784562963
214.92519123060626
209.01365494074184
205.0293307227467
203.01496445676196
202.31264653788892
203.51127679910354
205.79322554046402
205.46793061668507
201.28307552320177
195.72980581997356
186.70158499416934
180.61020704805125
178.35551023363593
178.5850922208928
179.92590711423927
181.0912647901611
180.5317031676382
179.71635958557218
179.5957913251302
179.64094953444652
180.12719716665845
180.4827236607435
180.16694868338507
179.87311354419163
179.80279157682278
179.8102710943662
180.00742663582082
180.15602377703277
180.0780315917449
179.99726218257837
179.97320645601596
179.9548080334099
179.98866687632068
180.02214323059334
180.00708955946305
179.9972745077752
180.00038374724338
179.99756489019882
179.99919758771253
180.00216718733668
179.99994607120516
179.99903204695966
180.0002061135718
180.0002595459259
179.99990353692704
179.99995640651437
180.00002376277612
180.00000459866845
179.999996212978
179.99999970788295
180.00000045479737
179.99999998526044
179.99999996490817
180.00000000610348
160.23446254426977
161.55610151122895
163.86655566647212
167.25271206936603
171.12104937783386
173.55805590633744
173.60276894364944
171.8994958755058
168.9499956044503
165.58337851104147
163.6705802451333
165.4866324949613
168.9974503664012
164.2934653533062
150.24388529203878
142.63176123641588
131.64156219079482
65.26705163914869
105.97138359054765
44.26023940353575
55.56359849724268
33.133599603695686
26.16633372878209
27.390221279382462
38.073301970114535
43.03542957544314
37.10263865420559
33.06263361749779
33.8340466009981
32.63101786200797
30.80650810838211
31.670118155503225
33.56163289602787
33.37930849410069
30.801055794128864
29.15692071568571
30.665925420236412
36.43823532434823
49.070676549139485
70.71025991044914
96.3489125218069
109.51342863987749
107.26025580147481
113.40835843340047
133.2952093272803
143.1142975408147
140.20011795537567
143.49966557925976
153.66084570205976
157.86790566962483
155.76533427790397
154.65915177161978
155.37289310877082
156.9466177082605
160.94098500214548
166.91115535047555
173.1465323546968
178.07587349764128
180.43798892067994
180.86390797100185
180.245759714725
179.58726602132737
179.87424012843374
180.27858552967996
180.28546435236706
180.17459314265224
179.77772821037448
179.5662519788729
179.8777578331469
180.1507982873329
180.20919584457903
180.1725517025138
179.98207769706605
179.8469113520983
179.92280250000437
180.00499500286807
180.02777140002456
180.0429853655947
180.0109736460407
179.97861163107947
179.9928855383517
180.0027474352886
179.99968601546632
180.00231109200303
180.0007868496741
179.99789598360837
180.00004566026925
180.0009479226296
179.99980036282318
179.9997442842131
180.00009437460244
180.00004333754296
179.99997657064696
179.99999535143826
180.00000377551777
180.0000003010401
179.99999954189164
180.00000001484707
180.00000003534745
179.9999999938524
211.4565123801443
211.39353805277145
211.1084633970207
210.52268995271942
209.7459647999531
209.2524769597095
209.3409266587373
210.0109512548676
211.314427692844
213.1987652094356
215.52759334014144
218.29962483908844
221.75464621640856
226.6151775540186
232.31074976027298
235.78218642387634
238.11076251662277
247.77271340381765
260.76959878478146
251.60262446727256
244.39281284327453
244.91998286633185
217.77630045908603
206.64219706487756
229.63655315019741
232.69122524003657
220.51117954944587
208.31120253489848
206.47785743832085
229.88717922382824
199.0142038302413
220.41111636217772
215.67706565018267
222.2125805282163
223.51016890155532
216.3763405153095
222.64054569543188
227.62630501080153
231.5040904338793
240.90558244808867
249.72698382044717
253.73398428428513
256.769732908913
251.44017320865356
242.93324427423227
240.78278765579944
229.9277299339244
225.1241917438852
219.24191182500778
215.74625691658304
214.9178539125288
217.23605621059446
220.8750653696751
219.24939761095493
211.02410441075043
205.09401412448102
189.16527559137518
182.61584116929077
177.99694417629587
178.37424545773044
179.77751714110198
181.17330648827468
180.51055429724602
179.53056706550063
179.45606052470333
179.59980696414274
180.27552001735833
180.7160551630511
180.2324853148145
179.78476005536965
179.67533720457612
179.7093161795901
180.0196510113482
180.24609979252344
180.12459807920573
179.9950435318351
179.95605871101242
179.9286645413227
179.98233652837794
180.03523710042288
180.01127089170302
179.9954401069435
180.00059675521766
179.99627116568905
179.9987136466196
180.0033955214731
179.999926232268
179.99847299821857
180.00032259527782
180.00041103285503
179.99984787534441
179.99993062960917
180.00003764400816
180.0000073812659
179.99999396573617
179.99999952628673
180.0000007286242
179.9999999763859
179.99999994377987
180.0000000097782
156.262180022596
156.92437322277252
158.1519545638475
159.96162343951812
162.04519877573122
163.4783931810056
163.76003919108572
163.1316080232486
161.9571709798271
161.08581756806123
160.99563676743477
160.7801334634213
159.6775008584537
157.10969604026636
152.15273136736315
144.39396447927606
139.51865599026388
153.6446649176326
182.99197776647497
186.14840881541204
167.52597323973856
211.89144184990602
268.8277747962785
63.70231563405696
91.21494469123485
110.58857586358413
268.50130307295075
65.50228148332663
48.38631544690062
48.258024943076
267.2332928838331
78.46617558372164
54.615879019056976
-42.54869739394583
12.875896278839729
40.080659528339595
5.745637960288312
18.448643452144026
70.28793936990769
117.19161351504769
157.5375036056647
179.84921044684782
173.50165590389426
166.3271125737795
171.05707424728215
167.36528028649082
156.05029038384657
153.82138736973252
159.34133511353633
161.91921671621043
160.00269162503645
158.5048858909402
158.3879994924128
160.48492366341858
166.22217166423667
171.730743612529
174.80405349323715
177.54544402336225
179.7718988645245
180.48429569426148
180.38568328636194
180.1266909939651
179.964452581885
179.98350850742966
180.13788575989216
180.1505043866801
179.86919348409563
179.73751787599798
179.90467783400777
180.06094591742104
180.14899083930027
180.14549899769847
179.9905384947731
179.8877104403624
179.94180513518216
179.9985101068997
180.0207010890343
180.03534237024607
180.00820424961645
179.98296873478958
179.99474232907892
180.00211299627512
179.99971270102296
180.0018559988537
180.00059631968836
179.99833773243802
180.00004309091574
180.00074579219125
179.9998433036865
179.9997980570731
180.00007394426424
180.00003472555622
179.99998146302528
179.99999616565867
180.00000304406802
180.00000025598555
179.99999962429683
180.00000001217637
180.00000002898912
179.99999999495827
202.23542875534977
201.92661810016935
201.03516757951263
199.62255377270426
198.02111646646918
197.07585153090417
197.28023665459057
198.35341495938755
199.92838183563563
201.2904192153849
201.9830038719435
202.7360832896301
204.31426835161608
207.5564329094255
213.12372216097577
220.35089490825328
228.70375169359045
238.09016717810408
246.9223158187624
252.025399203259
251.45161999538385
245.43744075738704
230.96240608845466
233.62590016566614
247.06738928504538
255.80248194757056
244.12421836614752
211.71551681647063
230.90847639263234
252.69628615694916
229.4648449629489
235.5895326304359
240.92637420795106
247.65135559490722
252.81653360924676
244.8472054196774
255.00719370148016
254.70374644516997
258.16447272800497
259.5831429597948
257.55779324438083
252.10845921526737
245.41371922841734
244.81607438943286
230.5687319881776
224.01508508727417
217.45940132927674
212.41060281097225
208.9422244103875
207.49996725287127
207.59631702270096
208.83795531669907
210.15472536581052
209.1449176073207
204.50647318584566
197.0886685130811
188.4048473551664
181.5523292664063
178.76534739061927
178.60262913122372
179.78180454272575
180.89870053381486
180.40695447563962
179.68060406610311
179.5869135998083
179.66739723093437
180.2041051446079
180.55107934222838
180.17782379466604
179.8383105091064
179.75436708096996
179.7774101303594
180.0148638320137
180.18783959886252
180.09411234505473
179.9955983553429
179.9668700401057
179.94618944895612
179.98659080729138
180.02664921701475
180.00853904659064
179.99653764540386
180.00044857694232
179.99718527562055
179.99902699702022
180.00256762938997
179.99994465194825
179.9988446110763
180.00024385063824
180.00031118598213
179.99988491878628
179.99994742209913
180.00002850274208
180.0000056065331
179.99999542462595
179.99999963930702
180.00000055318793
179.9999999820717
179.99999995731642
180.00000000742386
167.63217087823793
171.6907580458306
172.71826357498082
170.99627981676232
176.46232764021855
177.26925344679594
178.65845044148543
178.42775972505672
176.72802855746224
175.19297529997203
174.546524452093
173.59743044584144
172.13429102654447
170.77932161977083
169.31990809778978
167.46187477151605
165.78614350736763
165.80108286587273
168.96890112115162
176.53071675897425
185.0612310404487
182.22343516555787
173.72936746950688
175.5438700337723
167.85279743589706
162.2997866094851
172.74842997125464
174.62286136280358
172.13204702206576
161.71113230849846
173.4020986184759
170.9108100527017
165.9474609949963
164.2744205110032
167.1648662378216
169.98651123538505
171.46708913837998
169.76276669460205
167.06017541787583
166.38851230528113
169.96751305839754
169.54383526444127
169.4714147986255
169.69926104403515
172.59750177283513
173.87677821262398
173.2455070333371
172.69102340170608
172.44330793038824
172.18136524833494
172.39924711530006
173.09096023649906
173.9305065713739
174.70363864291073
175.3797258036673
176.58350510818457
178.36078268683522
179.58370491850997
179.906612617128
180.03885598174182
180.1316643031637
180.04310083967545
179.9871754099668
180.01923368919748
180.05387342604394
180.03928675045344
179.94676595321812
179.907209903003
179.97232956113913
180.02909742193543
180.0495577395119
180.0434637458218
179.9962015130288
179.96386493273766
179.98102064956433
180.00000564544504
180.00682288093222
180.01109537305462
180.00266553197142
179.99461950904595
179.99827082396072
180.0006589397328
179.99991772701418
180.0005983137251
180.00019149681398
179.9994658847414
180.0000137029841
180.0002395575877
179.99994954677024
179.9999352459631
180.00002378166778
180.00001108112895
179.99999405935586
179.9999987876987
180.0000009695413
180.00000008015806
179.9999998809951
180.00000000385697
180.00000000918243
179.99999999840313
162.98401022790537
156.71756341761093
156.5895952203831
153.81230700143982
157.2096366330703
159.5020477413577
159.94400933074135
162.8437714675352
167.53753210300516
169.29333506085314
168.00625692715585
168.45448667499258
170.4380174844622
167.21172883279138
160.30758895808208
160.51936933233648
165.47491411514838
157.24929395245306
156.71995791810912
153.00826070490453
153.76515040792606
152.06237049718527
156.78985923614954
158.91133084094398
161.0904507386251
162.83830555449998
158.3262318101628
158.61374823142995
161.99523718794572
161.72169140504073
157.3016582783487
158.17070280698883
164.66932663835817
165.88683913984693
160.53756930921082
158.88222360540317
161.32122182874969
157.5175716809268
153.4678960080935
163.88959586606217
149.89809573897986
151.68670449146907
153.57409764988023
154.25300896594544
152.96149866284327
155.61334316477388
155.27433797452986
156.56812583755962
156.93194613223963
157.70545658452596
158.66611407102744
159.17555167779426
159.0312463323658
158.5531419553074
158.95676092651124
163.4142340829924
175.68337048939532
180.54640264448776
180.3392618957017
179.13717747791952
180.39203620123186
180.2409496345619
179.7532197749363
180.07874401119216
180.33296668078725
180.20310671978837
179.77283779605642
179.5842955306194
179.88124455968665
180.13843800960504
180.2031174457087
180.17133685698715
179.98311017121486
179.85063259802857
179.924547024418
180.00424309815597
180.02731551722138
180.04254824643297
180.01044808927986
179.9786665103026
179.99320251924715
180.0029631114604
179.99964410346814
180.00212359583824
180.00078703296427
179.99799575856085
180.00003397946747
180.00091032393303
179.99980984014582
179.9997536600669
180.00009065539825
180.00004183556408
179.99997743063648
179.99999549978497
180.00000364504243
180.00000029252607
179.9999995568193
180.00000001436325
180.00000003419566
179.99999999405273
