199.86247411793556
200.87517555945757
200.98871674892087
201.02848660592346
201.20826176905857
202.34522907433762
204.81741463642254
206.97248006929928
208.81091102691033
213.20953504121766
215.51170856217942
198.83240613709717
211.09636165743234
209.39197335383062
212.0376747502418
209.38479867271693
202.7213111271628
205.14378866341434
194.9447998704803
198.35211748846396
201.467081642475
188.0311951115968
186.45874732222757
184.75384055338537
194.2316393681057
187.08443395160197
193.54723266406833
191.79787683262666
196.155952438596
199.66752193658235
203.15859556491228
207.9306632453128
212.52634036822758
213.54359129719677
209.98441526402118
204.60393635700237
198.82018072764782
198.79133609281484
204.5462150479404
206.12623863482546
203.55883559674896
215.44933678911943
213.59208949447282
201.65306346337357
203.81563013553264
197.78004936363314
199.5376441856037
202.31264138408093
204.5261115228703
204.94580446317775
202.55723698738663
200.76733121094907
200.77565019556476
198.3732510741792
192.67734774108538
186.12788687231577
182.5256513087936
179.16520797586614
178.0656914903483
178.4920264632152
179.50740091070548
180.6583925078421
181.21946033078592
180.81500259779503
179.7670765128726
179.19736268676587
179.6645821944413
180.12313636428905
180.16773079204603
180.17727910129685
180.01897260789758
179.8622844475892
179.95361198060513
180.0332069150772
180.02525366610467
180.02703097047993
179.9974019584303
179.971190300324
179.99437124256403
180.00938789942222
180.00224892557978
180.0009868890639
180.0004232215456
179.9977391355908
179.99974003855303
180.00127645160043
179.99987265816776
179.99953568955098
180.00012775088797
180.00010502100608
179.99995239982283
179.99998734458305
180.00000939387596
180.00000034619725
179.99999903842902
180.0000000520162
180.00000005511703
179.9999999982138
179.9999999957473
180.00000000073982
163.2268163266753
162.28786223256995
163.2230102863893
164.2735707813667
164.7257149810254
163.79509428345628
160.6592282717001
156.47093157432792
152.77748705028353
151.3552776498342
153.52076631675433
158.13634287152112
163.73515460499243
168.5942392889059
170.9079015632271
170.89894893623008
169.71687801884272
169.92546178359763
172.5694832883168
173.89781954790405
173.74230286398034
178.02764684529967
178.67070499635426
145.72244121422003
177.34425822263256
176.4224505204853
179.39995186325282
179.01526212604708
175.44323258245336
173.66409563025067
176.5582694934278
175.74518919185422
169.58217868793108
165.99885807387665
166.17330901333835
165.9188943626273
165.24257572053494
165.39615092360768
165.45249288001494
164.76848885786268
163.74097647030797
163.31872502842185
163.79881652100147
164.13742543239536
163.99645719748352
163.953877238307
163.98350429411488
163.95151544117925
164.0355154855922
164.272540114776
164.70624782643864
165.5014358209095
166.82018648498217
168.8743089908248
171.70779568451448
174.99843632034057
178.22115111309606
180.5413843022177
181.4071054087556
181.1224520105446
180.16449057067382
179.3469094657189
179.33023072044895
179.700448329897
180.12775921109713
180.39841781139714
180.19708144554141
179.93598103166204
179.89187084936347
179.8974653047582
179.99957166877502
180.08774716769466
180.02633327823054
179.97507861820526
179.98159495236925
179.98350979984696
180.00276534692523
180.0190986495042
180.0038666644958
179.99358568024803
179.99833331048046
179.9994375576691
179.9997308987898
180.00148369615343
180.0001901820007
179.99914265895586
180.0000802587967
180.00031600787676
179.99991401859847
179.999928052505
180.00003245333565
180.00000870427056
179.99999356723225
179.99999975626451
180.000000660893
179.99999996513887
179.99999996169228
180.00000000124163
180.0000000029559
179.99999999948608
196.08286264124897
196.31300919579726
196.98881113651464
197.54123659479194
197.8884641442861
198.7720052797224
199.34307609081392
196.20811234421103
196.76070175781913
196.10449317054594
196.88770254352244
194.6756262983029
190.5166383605443
193.5723404053864
201.79371664492174
194.3252459928758
193.67085363484304
195.86299251273996
195.25244436210912
193.97096304222237
192.5206021683527
190.6523025196403
193.35472096493868
201.9476830924416
193.86969661057523
193.7829805157139
193.6222410751381
193.7598061980766
194.06339767285948
192.79149989034406
195.2583351385464
195.9952724285788
197.4947828558282
198.88145215788754
199.69570217672728
198.9315558521051
197.32942500560313
198.7689927154947
198.9584582145769
200.049058933792
199.71985024487947
200.87440705871998
202.10840584042558
196.96309932979256
200.34538171576622
199.22317883325925
196.49662261459306
195.85433435021196
196.5635697010452
197.26380989851472
197.3922630459662
197.00223900922668
195.96156712719272
195.5095880692678
193.87001291582234
183.17127320486725
182.45878453878683
178.26012646031887
178.9456129760042
179.7791239757183
179.5687845071378
180.00929367831282
180.80755410544387
180.6623885913234
179.89339255894083
179.50195968767187
179.72592343535342
180.00151710167884
180.14692466501984
180.19102085443836
179.99661450172275
179.8618783400169
179.96945856254197
180.0391107448971
180.0213610122847
180.01979366796178
179.99718452986514
179.9755251957172
179.9950347778037
180.00842519274522
180.002062945186
180.00057007855645
180.00036734457208
179.99816987606783
179.9997498241937
180.00107257002873
179.99990230031688
179.99960249490442
180.00010746883476
180.00009090488516
179.99995920484798
179.9999888870775
180.00000813235067
180.00000034250772
179.99999915198657
180.0000000401596
180.00000005134106
179.9999999983362
179.99999999603864
180.00000000068914
183.0061918302002
183.00435651906855
182.729891182328
182.78241763575917
182.520974489105
179.81197330999646
182.50887488271783
182.95523262168916
184.2204920003394
186.30963567741742
184.77628633496255
183.87467587945005
182.70578097301046
182.37398632222542
183.15317229697507
183.09612969798584
185.21213111230068
185.35708391478403
184.63948234604214
183.72056497615566
183.08009738243624
182.03967018623894
181.17574198368877
182.2042034778646
184.15825851749662
181.9833082559004
184.10710398880926
182.67671171861846
181.44797340231324
180.60475702093171
180.81305389041725
181.84922388940478
183.64277540458
186.03403665319007
182.73501024592704
183.42570904527025
178.66519868807072
183.61380103834063
184.1575043190621
182.49702374832896
183.4184547400128
182.81302034353675
183.8852991908263
182.7852958428662
183.9294937542423
181.1245217677609
182.8672633026934
183.39397169743887
184.77265073835798
183.5702106734314
184.88862964500186
184.08662126153206
183.64188820987198
182.9411999298432
182.15897148044135
181.2874598765135
180.3895198361323
179.74782539931596
179.50056835334144
179.60087035406445
179.94848460260965
180.2382913879185
180.2542736361976
180.1309338954285
179.96261883689422
179.8505134239816
179.91401826454592
180.00650810717082
180.03569199538813
180.04565324131045
180.01001691721464
179.97465389332055
179.98942555403713
180.00268472656384
180.003039095102
180.0059674314053
180.00029319472708
179.995056332628
179.99915185009687
180.001428210478
180.00025517970886
180.00026172714826
180.00007806476893
179.99959177935023
179.99997054599433
180.00021315134794
179.99997424975714
179.99992597144742
180.00002120124392
180.00001633479624
179.99999245334635
179.99999806877264
180.000001462937
180.00000004569077
179.9999998532439
180.00000000903657
180.000000007887
179.9999999997445
179.99999999939152
180.00000000010598
176.8346728423864
176.1970653515738
175.10738459237422
174.04244688073717
173.4265726076977
173.56093138750862
175.17824104556234
179.41673977324245
183.98494089990206
180.61254103625959
168.90601999110248
163.30866838612798
154.0501493370702
90.41680786760695
49.18047078683913
38.520706779367
21.92266528840317
26.114771957367857
12.238364379700224
10.8714382610683
21.42735905646777
30.540703807454015
35.59743680478924
31.640594969190282
27.251141119087574
22.083173954244653
24.913017648214787
28.044285962569248
29.24149392621501
29.21510043107822
25.68727326231463
19.289530244828644
15.04295485660494
22.86796775046621
39.9641672066779
54.896807110271
71.49970056670064
131.8813955036906
144.5213738525026
164.13654311491914
172.05308999277773
177.07810802187942
189.24700174876446
184.53674732087686
177.14583058584665
168.80901121302833
169.39635718909236
172.28118755253837
177.05579788048175
180.53459464985562
179.04958575818824
175.76663189710064
173.0267886050767
171.8760580783974
174.02458647188257
177.19496110241522
179.4609223460716
181.04831119310847
181.22700459610428
180.5226097739133
179.92948046855042
179.4892096074251
179.52847250709954
179.87575077303998
180.13087779809612
180.2503184114625
180.11323759488192
179.93802960577082
179.92791774781287
179.95071026927891
180.0051636380645
180.05308095179754
180.01350862439145
179.9801536435644
179.98952812708941
179.993850226582
180.00173012489543
180.00994699819384
180.00209058928746
179.9962163262776
179.9991040736086
180.00000040235878
179.9998306941088
180.00065183428134
180.00012523872252
179.99958771423513
180.000030397716
180.0001574718714
179.99995838615482
179.99996364907688
180.00001625016986
180.0000043998565
179.99999675609365
179.99999988190004
180.00000033152375
179.99999998187283
179.9999999810898
180.00000000061297
180.0000000014592
179.9999999997464
189.99461432964426
190.080010846726
193.0601182610648
197.09290861863076
201.35370204578317
205.80311161979915
209.8907543589886
214.2229685229887
219.7114960985475
226.93844006168933
236.1395940304015
246.05564498447828
254.1453765987604
256.15967480177704
251.25567287618503
246.2273446667942
242.6115323852796
232.36265560475792
231.3714240905165
221.11970397713068
209.5077517623227
207.88899399839087
209.14631470448472
170.8420082252296
204.1577090540057
198.37503979807593
197.94714863720952
202.11656246315496
212.5535151755321
219.872350281827
223.24895626788157
227.11158078701519
231.92838433258183
237.81418739694055
245.83143628146485
254.1680647289184
260.34691222101407
262.021445715171
257.40736863176045
247.87012672134895
235.83808812356628
224.90708292317382
217.89545086705783
213.25313836874253
209.64342799031226
206.12038590706572
201.34267541794745
197.00472874502017
194.37131726911562
193.12998853371934
193.50784269665922
194.36991671157645
194.381782646049
193.21130425014974
190.4194781088472
186.3625198434147
182.09272867400222
178.97051409145817
177.9669354350241
178.54381628963537
179.92474959430538
181.01090457812717
180.8664492591477
180.26983816549782
179.7827760725011
179.497607992676
179.78779689969573
180.1329973841858
180.13331797197125
180.09017490711898
179.9897096025313
179.8968536233465
179.97249368962505
180.03805088761487
180.02264601137236
180.014302730081
179.99615084247804
179.97894080456044
179.99532820976995
180.00756751435773
180.00208496698733
180.00039189311258
180.00030135159543
179.99841088781307
179.99975716820975
180.00095654595583
179.9999195904407
179.99964034874185
180.00009613283464
180.0000827465066
179.99996299935475
179.999989884835
180.00000739658796
180.0000003063213
179.99999923060093
180.00000003711784
180.00000004625568
179.99999999850098
179.99999999643103
180.0000000006209
151.86867667032496
154.86870471543372
158.74317854380823
153.52085227273673
163.57700257350436
160.66869458640184
156.86034151086568
162.19008705768368
169.91021288530962
139.8526672228815
105.77849598670235
147.05133481974588
133.15590287696324
110.76623319309769
76.2324099083966
64.93111486418779
43.30327832820534
43.00284489844578
36.013324528159934
37.693555288666566
43.47740996250897
51.30056335618156
56.91837547159543
45.27987305406783
48.633560363268984
42.574229824280245
43.292766621369054
44.34874765857306
44.90837778440546
45.91645919028161
46.678121258771974
47.63206960519356
50.50121218567306
57.52328367991271
62.18244013926312
71.16017494175377
81.76081274659047
95.2525465167071
111.77077006108183
130.4496358345235
148.39449293619035
159.19518309130285
161.8008485078266
166.1326098854966
157.5542958561767
155.17109222627226
154.80077195903792
156.6519025841127
158.91660424548814
160.04921631176614
158.61876899101017
157.7261516005257
159.0236675391975
160.7937868904414
164.37657167288125
173.3518244490983
176.41645519340037
181.15195730268098
182.4608323797132
181.8441382047752
180.2284006302916
178.88062516998318
178.85098486945583
179.50546141980217
180.24236823414424
180.6850737650977
180.3201896195595
179.8696354445686
179.81395193497167
179.8377247261294
180.00722498771788
180.15159488341055
180.04151268114188
179.95138726998914
179.96841980171826
179.97548508923325
180.0051869106945
180.03154717650892
180.00645928292974
179.98890557666712
179.99717651812716
179.99940023857602
179.99953665735384
180.00232378092372
180.00034162890435
179.99861197534358
180.00012021701528
180.00051973705177
179.99986086868887
179.99988036889866
180.00005336285966
180.00001476445377
179.9999892952593
179.99999951008007
180.00000113047017
179.99999995158402
179.99999992910935
180.0000000022976
180.00000000546999
179.9999999990488
202.2034463330295
202.25842423212308
205.9224684436382
210.55476568190969
215.2796416102917
219.20417494091197
220.95933620969268
221.11641915845382
221.25952775722084
224.19946603051125
230.57655792950726
235.4110937366109
237.75398978375625
243.90579258664275
236.55855230574147
238.19779091508326
240.10818680714564
227.26885695921436
236.01804829677263
230.35570285413428
226.30718141031647
227.51360027400068
229.44231507128555
206.12106772245454
220.78333110463984
215.00221069008455
215.38078163192276
218.32416659107656
223.9861588651515
228.40187415793434
230.58263134205288
232.60689823125057
235.3876332247909
239.8252649806495
246.1820001116711
250.9026035619969
252.22587134535303
252.46160312891453
251.50673848957132
247.20933817737108
240.42118566255184
234.50099898202288
230.73431831557005
227.74937702635546
225.08470367604463
222.43398444604404
219.03164250883648
215.62205308968475
212.95132589833
211.3016303216126
211.02953432912966
211.45846248975522
211.4890523444264
209.7642558509396
203.73485546229597
189.72118989226058
184.33799616548293
177.480113446045
176.9755717331413
178.19144412441736
179.1807854745386
180.8389888081028
182.01887838519477
181.34268149456952
179.52209653134943
178.65632196402487
179.54256757445071
180.2996508134639
180.26334923745426
180.22295210428084
180.0054458621973
179.77905532100638
179.93296887499827
180.06968674924562
180.045686714975
180.03651594769318
179.99329889197676
179.95391465829883
179.99042784473943
180.01597537134336
180.00409168378079
180.00107552217784
180.0006767317367
179.99651600213568
179.99951499473747
180.0020497507475
179.99981600905483
179.9992384564405
180.00020562061601
180.00017420814345
179.99992177179925
179.99997877766455
180.0000155779162
180.00000063070593
179.9999983848251
180.0000000798166
180.0000000961959
179.99999999688245
179.99999999257767
180.00000000129108
152.04433882302462
153.56394260147684
154.31427064648975
156.86213603605185
160.99073246574537
160.91092930169953
157.07826430680265
159.14488695115242
160.95658509080732
130.84709887599166
89.23272427163094
146.030314315591
137.70928738052478
156.18084297537422
116.9762831604715
89.9541553104433
89.01650740687359
96.46926941401122
87.29319008484775
100.59216154044077
41.680744179834875
51.969229660298325
89.28595425577694
26.293075771702938
47.31611763586587
43.18066899295858
26.989811440315666
28.06898067793351
23.39633157902256
30.595931278502622
49.47950181654428
71.53862976983937
69.96445812519795
147.83206291046554
139.37847332995085
165.57801949938772
162.73459740054682
164.36313140713509
174.05387499025787
175.82684376280545
167.57073583685843
161.71250485405938
159.7978238072633
158.62046685724607
159.3396923555392
160.5800079114956
160.26561539050977
159.7510596978411
159.50147338414328
159.18178195397357
159.2162386252215
159.01954516875116
158.74200930099988
160.41805342896262
164.79596746189924
170.77591289343331
177.19604510664394
181.83243348108775
183.0724973690885
182.10951923854125
180.13680367686473
178.5222218980995
178.6433828720451
179.50997855235946
180.2929997255045
180.7714874942987
180.37856612612723
179.85956411513845
179.793537860898
179.81930634076502
179.99462769473084
180.15590396135923
180.04792564730292
179.95464388476225
179.96994591759187
179.9736426576199
180.00395828022516
180.0318013263821
180.00633825801677
179.9890106118198
179.9973848826855
179.99931487670545
179.99950975990268
180.00234197079055
180.00032643059146
179.9986240423876
180.00012465672322
180.00051001063596
179.9998620631007
179.99988345902912
180.00005235937985
180.0000142007185
179.99998957716497
179.99999957571404
180.00000108151247
179.99999994685774
179.9999999354432
180.00000000209235
180.00000000498125
179.99999999913382
196.20189459926962
196.0516697492045
197.30332964659388
200.13047353906643
204.5889159194902
207.68235044952377
208.16451726191082
208.6468679768876
210.25712235714616
212.94446261131267
217.391750411877
222.78617591165266
228.8335070995399
237.40071292787158
248.0882528720087
257.2919257478218
261.9443570975308
259.0148030477138
264.23505067945973
263.4691434950636
253.42298833300327
251.98635455425543
254.57123937668786
248.300216736261
253.25463300509912
254.11247039340455
250.92750805736915
252.12959436920144
255.68293460195179
258.572897450253
259.3898787783903
258.8806196280249
257.19777032627474
256.94069161688617
254.29713558049306
252.00897176761652
247.66501610880977
242.5361137684824
236.7135807604862
230.35161934125023
224.1573025406543
218.92116698280873
215.1129825417485
212.61055146316318
211.05852091805465
209.74791628441508
208.00175935711755
205.82211485050055
203.524108272842
202.08583503357042
202.05313692253623
202.44853254518065
202.75975110804606
203.0512756477005
199.70573047811527
183.8071674472564
183.1582155895277
178.1802729386623
178.38824603899377
179.78700348179635
179.4736433995008
179.97877494917242
181.02444259015672
180.8406428647186
179.86814995514737
179.37639003061844
179.64170074587818
179.99345538869684
180.2032596025516
180.25892439532157
179.98323265983234
179.80437176997958
179.96183883536216
180.0603670281636
180.03125607140458
180.0254633709707
179.9952127445988
179.9658537202152
179.99282969559306
180.0120008222217
180.003082357201
180.00069302969493
180.00050457274605
179.99745765010798
179.99962955646015
180.00151133638036
179.99986797167762
179.9994357584126
180.00015169567007
180.00012939004438
179.99994201229617
179.999984204159
180.00001156916832
180.00000047628347
179.99999879759923
180.0000000583801
180.0000000721089
179.9999999976631
179.9999999944362
180.00000000096784
171.72677338137822
171.59177713350113
169.83950756235436
171.87853950348634
167.78698128398412
168.08428415216517
169.39570904133674
171.77150516546982
173.5435284393893
171.71536265101
172.73645350455038
167.02613333899154
165.46128350411823
165.19453795042938
168.33068933251016
168.3461499254452
167.41386517333177
166.52975805959008
166.8286488188343
161.72212622927535
163.5719743817189
160.5362976019834
158.46529886094152
161.10563235002397
165.4271010247452
160.32796161089755
165.17186695804907
162.9641534788215
163.13531568490322
163.3283578698912
164.47447074532565
166.87493293870438
169.80840765682433
171.14511631807315
169.97437277575767
168.15497194796117
167.05140385356995
167.73235285944685
170.0827056244763
169.6714476302528
168.68554497255175
170.21883694820204
174.6356588003043
171.27723968179984
161.5826673181362
165.02360623393378
167.73340678546168
166.8912731463581
169.34594803031382
173.02472541165844
173.05809269315267
173.48030216043108
171.17041332084239
171.05296538179627
174.02564002267115
176.99076544297003
178.87604792687165
180.4622038019756
181.08915561531913
180.6907779520046
179.9961556429203
179.50777072431356
179.58801310951227
179.8899817166035
180.1075606323609
180.23026199012816
180.1013565663521
179.93677266684256
179.9311936902191
179.95478747311552
180.00928767913047
180.05489236835822
180.01410137800056
179.9792166400157
179.9863642411277
179.99148778660106
180.00268456061096
180.01223625557503
180.00266887406255
179.9956095853041
179.998757219163
179.9997799531894
179.9998300489263
180.00091774386846
180.00014431382016
179.99944497909183
180.0000456400329
180.00020919723826
179.99994408772676
179.99995193173825
180.00002156056865
180.00000581576165
179.99999570755344
179.99999984183106
180.000000439373
179.99999997622916
179.9999999748168
180.00000000081627
180.00000000194322
179.9999999996622
161.04184451252905
162.07237339507031
165.22427697196576
150.42382334170813
155.8663123416196
151.5400617354229
150.79267661037818
151.32407226858228
152.04481827416438
154.70644388654034
152.19127499361522
151.22378508954654
150.1574279767143
150.7548506702965
152.90152958320994
152.80228362279476
149.8181623003937
149.63515142405302
153.50088307785668
156.55542540122815
157.83314516950546
159.52754365784034
161.09037881638451
161.34614796007776
160.79435656810452
160.42646610766712
160.47833918900147
160.31363173912132
159.58592199144115
158.11233600194598
155.6881425495986
152.87030457122208
150.4917993362699
149.56426068658905
150.514484735553
152.07386513700735
153.25091424674363
153.76403322552295
152.98575646966017
150.94715720189404
148.45930428786608
146.97171877202413
147.6345317174414
150.30682587050083
153.9177159615305
155.51393132205592
155.18422690711134
159.93063462242304
159.5668916919214
157.63280273144008
158.30219652730585
157.5283171399027
158.90766634208117
159.3666652462874
161.46455843579741
175.13492821846432
176.75522453667435
182.4222361659875
181.39841723125625
180.27637726815277
180.5743918796023
179.97890258382336
178.9156195871792
179.1319088287049
180.1660842346163
180.67444356142312
180.34414164668615
179.96876092019141
179.80521853518778
179.7633380945278
180.01189750842323
180.18418670552708
180.03874201504584
179.94315085186363
179.96979856176569
179.97537383331436
180.0045554877932
180.0327753287665
180.00680183871043
179.98844366085123
179.9970949379454
179.99938318531593
179.9995080822734
180.00241062996463
180.00035535836818
179.9985624574244
180.00012495226989
180.00053732263493
179.9998557919135
179.9998766113104
180.00005519807024
180.00001512656073
179.99998896422758
179.99999952620064
180.00000115405044
179.99999994652796
179.99999992956612
180.0000000022828
180.0000000054347
179.99999999905495
