203.59
204.1
204.6
204.72
203.99
203.66
202.53
204.11
202.57
200.84
204.26
203.48
206.44
204.56
209.98
213.25
212.51
212.83
218.86
216.82
217.77
228.88
233.51
235.44
232.45
238.32
245.75
242.99
243.72
265
251.24
262.91
263.56
261.93
264.24
268.5
259.14
253.12
259.3
248.04
238.05
246.56
240.01
235.61
232.25
243.64
240.97
245.08
234.29
237.16
226.1
221.65
239.43
240.42
219.12
231.67
225.39
237.55
234.44
230.61
225.42
235.46
250.39
264.11
259.72
253.76
246.82
174.38
262.66
252.92
201.67
249.74
237.26
237.55
230.33
235.82
240.73
231.18
217.74
222.83
223.51
182.23
222.45
215.32
217.03
214.17
210.83
211.81
209.88
209.23
209.09
180
180
180
180
180
180
180
180
180

