171.21
168.09
169.67
170.55
167.93
168.87
168.34
173.82
171.44
169.31
171.83
169.03
168.69
165.86
164.81
174.14
175.91
167.43
163.37
173.42
175.41
157.72
153.95
191.39
176.48
163.52
186.3
152.39
158.97
194.74
148.79
144.25
279.62
264
267.79
108.41
36.18
349.21
322.37
3.57
325.65
325.42
338.96
344.59
345.66
335.55
334.4
344.22
329.75
334.81
333.46
337.53
332.5
328.05
337
332.98
336.96
332.6
332.73
331.66
331.9
335.78
324.65
285.02
329.71
319.35
328.39
339.36
130.85
161.57
273.72
130.24
152.35
162.33
190.54
163.47
139.2
164.99
179.09
138.05
164.05
85.38
163.87
158.95
153.49
171.7
159.12
160.42
163.69
163.66
168.85
180
180
180
180
180
180
180
180
180

