201.08
199.75
201.35
201.52
200.77
200.44
200.77
203.31
199.33
201.14
204.39
203.65
204.56
208.06
210.76
213.74
215.65
220.41
227.31
219.04
223.78
232.07
247.74
250.83
250.1
249.53
253.61
245.59
250.96
245.7
247.46
236.65
234.74
237.52
245.09
234.77
231.36
233.89
232.85
213.39
224.61
218.56
219.15
218.38
216.4
215.55
212.84
220.24
219.39
218.96
202.96
203.99
219.2
221.66
211.09
217.38
211.09
216.84
215.06
214.71
210.87
216.64
231.97
241.57
235.54
234.99
229.56
216.82
249.12
249.56
260.17
244.28
241.44
251.61
248.09
236.74
233.72
234.61
225.1
237.05
238.65
227.98
216.21
213.18
213.09
212.63
210.39
210.28
209.19
207.78
207.24
180
180
180
180
180
180
180
180
180

