186.23
187.44
192.47
176.51
179.07
180.48
193.36
193.43
188.01
184.97
185.4
163.37
150.21
168.13
183.18
158.76
175.58
184.37
178.02
184.43
175.15
175.42
175.19
181.33
156.31
166.88
175.87
159.41
165.69
175.42
182.76
166.34
168.2
180.27
177.46
170.05
175.4
178.61
180.98
174.47
178.98
178.65
179.34
176.19
173.45
177.27
176.18
174.06
177.22
187.72
175.94
174.6
175.11
183.72
173.55
171.07
172.28
179.63
177.11
179.19
186.21
184.69
178.17
182.91
183.82
189.91
186.77
182.12
186.83
190.35
198.12
186.08
186.23
191.83
192.87
194.84
190.01
188.49
193.15
191
191.95
192.4
189.11
194.76
193.98
193.89
193.25
180
180
180
180
180
180
180
180
180
180
180
180
180

