227.94
228.61
227.82
228.48
228.3
228.02
228.33
227.14
225.96
226.04
227.52
229.46
226.9
225.36
227.34
225.6
226.7
226.75
227.09
231.08
227.27
225.44
226.81
231.16
231.35
225.06
236.53
225.02
220.89
229.72
223.71
225.18
221.39
227.22
226.96
224.16
227.75
227.85
229.34
233.65
235.63
231.31
229.58
224.68
227.88
237.61
243.14
234.78
230.29
226.25
224.63
225.28
219.06
227.03
231.34
226.41
253.23
235.49
227.12
222.12
246.39
244.16
221.89
231.45
209.67
231.66
225.07
235.43
236.89
229.44
230.15
238.69
240.77
221.88
222.47
225.19
230.42
226.4
224.14
180
180
180
180
180
180
180
180
180
180
180
180
180
180
180
180
180
180
180
180
180