276.47
275.97
274.03
275.15
275.2
276.01
276.59
275.2
278.67
274.65
278.71
277.15
278.4
276.69
276.73
280.6
277.27
279.34
267.58
277.18
270.71
272.44
275.72
274.84
277.23
273.17
280.97
276.92
278.76
279.12
279.51
283.13
288
289.54
289.35
286.44
288.7
295.23
281.57
288.07
293.02
285.58
288.86
294.25
286.54
285.44
293.81
283.39
287.4
288.37
287.64
290.09
280.44
289.39
291.19
287.97
284.73
283.23
273.17
285.75
280.87
279.09
275.39
282.62
266.56
287.81
286.85
280.93
289.74
269.6
290.55
291.72
275.55
274.8
281.58
271.72
272.37
272.95
276.82
180
180
180
180
180
180
180
180
180
180
180
180
180
180
180
180
180
180
180
180
180