274.62
275.48
274.8
273.93
272.92
279.21
276.28
273.4
273.1
274.22
270.1
276.9
274.31
276.09
274.23
269.92
270.16
273.57
285.19
273.27
265.65
282.86
271.73
274.49
272.17
278.91
279.12
277.57
282.32
275.07
282.58
282.32
274.77
279.66
285.2
286.83
281.6
287.82
279.33
289.78
285.47
280.57
294.26
298.06
295.71
289.56
285.34
284.66
277.42
279.07
285.33
284.34
273.79
284.4
284.47
283.31
280.96
276.95
284.22
275.92
281.43
276.89
290.4
288.27
266.32
276.46
277.59
276.84
286.32
276.68
278.22
277.72
273.02
275.05
276.99
280.81
274.45
272.7
180
180
180
180
180
180
180
180
180
180
180
180
180
180
180
180
180
180
180
180
180
180