217.15
218.62
218.37
216.21
215.14
216.65
216.7
216.22
215.12
218.98
221.26
218.17
217.08
215.39
214.71
215.09
215.69
216.42
214.47
208.06
219.97
224.1
218.54
219.65
215.77
214.06
211.5
214.22
214.22
213.13
218.25
214.56
218.67
220.09
215.19
209.3
213.72
208.36
208.29
218.18
224.13
233.58
218.21
218.28
224.95
217.2
219.08
215.87
211.83
214.86
214.12
211.22
217.48
215.29
208.11
215.2
216.13
226.87
219.54
221.61
218.32
210.38
217.91
219.27
224.1
216.14
227.31
224.34
218.17
214.36
210.66
216.36
219.79
212.92
214.96
217.08
213.29
217.95
215.76
219.85
224.74
180
180
180
180
180
180
180
180
180
180
180
180
180
180
180
180
180
180
180