274.79
275.02
274.21
273.9
273.82
272.9
271.97
272.78
273.58
275.19
275.01
273.98
272.08
281.81
273.57
267.34
277.47
275.54
275.19
273.7
279.28
274.44
264.22
282.86
280.45
281.26
265.1
270
274.23
274.1
274.2
277.78
284.8
273.33
291.8
277.81
278.3
279.19
282.05
288.16
286.39
286.87
283.45
284.27
282.09
286
302.18
288.78
277.32
283.23
291.52
294.17
284.2
285.7
282.09
290.33
272.8
277.44
294.15
272.34
281.43
299.97
267.18
274.98
271.74
268.81
285.27
283.92
268.03
275.95
278.49
274.25
274.79
278.36
270.04
271.81
271.65
271.34
273.44
274.94
180
180
180
180
180
180
180
180
180
180
180
180
180
180
180
180
180
180
180
180