217.32
218.04
217.15
217.34
217.67
218.51
217.79
218.32
218.5
217.92
217.79
217.8
215.4
217.15
219.38
218.42
218.9
216.42
214.61
215.27
209.8
220.27
215.58
212.94
224.1
215.95
228.13
215.96
223.62
221.96
221.88
219.8
222.84
217.79
216
219.26
216.27
218.19
217.4
214.94
217.29
218.65
217.1
210.99
216.94
213.99
215.28
220.99
219.67
213.93
212.7
212.88
220.86
213.12
221.07
219.95
216.35
218.49
220.36
222.2
217.05
218.12
215.3
209.26
200.92
216.68
210.11
221.49
215.24
215.1
226.12
218.05
214
215.45
218.11
213.88
214.76
224.38
203.93
216.83
226.61
222.8
214.12
222.55
220.6
180
180
180
180
180
180
180
180
180
180
180
180
180
180
180