213.72
215.06
214.8
215.95
217.16
216.36
215
215.22
214.19
213.49
213.42
213.52
213.09
212.74
215.97
218.23
217.68
217.17
216.26
214.6
213.87
214.1
224.34
219.42
218.72
211.29
218.62
213.65
218.96
218.39
219.22
217.84
220.73
222.24
214.84
215.6
218.24
215.04
216.3
216.48
213.75
220.31
219.58
217.26
217.31
214.27
217.8
216.95
218.27
218.93
218.57
220.79
221.37
219.8
222.14
219.57
218.11
218.07
213.09
216.02
217.91
215.68
216.04
215
216.6
222.12
216.37
213.19
215.47
218.08
217.89
218.44
216.23
220.27
218.97
217.18
218.27
217.84
215.36
180
180
180
180
180
180
180
180
180
180
180
180
180
180
180
180
180
180
180
180
180