274.88
273.53
272.67
275.95
274.84
276.02
276.89
277.34
276
276.15
276.34
275.05
275.72
276.45
276.61
275.47
283.31
275.99
271.48
270.83
279.35
273.76
276.21
272.91
265.55
263.03
265.49
278.6
277.43
285.3
276
273.48
272.94
277.32
278.91
279.86
281.95
276.93
280.44
282.21
299.12
291.68
280.28
280.91
282.19
277.45
285.79
276.03
280.57
284.32
280.39
269.98
286.26
280.45
292.07
283.5
276.28
282.33
281.61
284.67
284.4
276.07
284.46
297.92
275.05
285.29
274
286.15
271.64
274.16
274.34
275.33
270.26
271.43
268.85
268.94
180
180
180
180
180
180
180
180
180
180
180
180
180
180
180
180
180
180
180
180
180
180
180
180