218.24
217.64
216.45
216.53
217.47
218.7
215.95
214.84
218.52
219.49
217.49
214.33
213.43
217.7
224.92
227.29
222.06
214.38
217.1
220.51
217.92
217.69
219.98
217.05
220.04
216.34
217.15
212.36
215.18
216.42
219.21
200.63
214.62
221.46
222.92
218.93
203.07
211.86
220.05
208.98
217.18
220.48
212.76
209.6
216.31
217.86
217.92
214.9
213.87
219.68
222.66
217.93
215.18
216.29
220.17
205.22
214.77
218.9
217.03
208.75
220.89
208.58
211.68
217.71
215.4
221.54
221.05
227.17
223.58
215.97
219.55
214.56
227.6
225.78
216.83
180
180
180
180
180
180
180
180
180
180
180
180
180
180
180
180
180
180
180
180
180
180
180
180
180