214.95
214.97
214.86
215.37
215.79
216.44
217.24
217
215.88
215.3
215.94
216.72
215.98
215.71
215.62
215.05
215.72
215.71
216.23
216.72
217.39
216.79
216.78
215.75
216.37
217.6
218.49
219.24
220.37
215.96
219.88
220.49
217.59
219.63
218.69
214.47
211.95
216.51
216.13
220.02
218.55
216.96
215.17
216.47
217.36
218.03
213.95
223.39
220.87
220.23
222.39
221.57
222.83
215.25
219.67
224.92
212.98
217.17
216.04
218.18
216.19
217.32
214.91
215.59
216.95
221.26
213.72
216.05
222.54
219.48
216
217.04
218.5
180
180
180
180
180
180
180
180
180
180
180
180
180
180
180
180
180
180
180
180
180
180
180
180
180
180
180