229.25
229.97
231.02
232.56
231.32
229.11
229.49
229.28
228.34
227.89
231.63
230.1
232
230.66
229.23
231.13
229.86
230.52
231.56
233.6
230.51
228.47
228.65
227.8
229.84
233.37
232.36
229.88
236.01
236.61
227.21
235.85
232.79
227.36
238.95
230.59
228
231.02
237.7
244.75
239.12
229.07
226.15
236.56
237.76
234.24
244.28
232.27
234.69
235.1
232.57
241.26
236.19
237.88
235.59
236.56
218.96
231.92
226.51
231.48
244.76
241.02
221.11
225.14
255.06
230.93
229.17
241.08
235.74
230.91
228.27
236.83
235.48
234.25
229.85
229.91
224.53
227.01
229.05
231.76
180
180
180
180
180
180
180
180
180
180
180
180
180
180
180
180
180
180
180
180