197.53
198.78
197.59
198.28
199.28
198.64
198.02
198.26
199.19
198.99
200.22
196.82
197.88
196.52
198.89
199.87
198.5
198.81
196.46
198.79
198.56
199.54
200.81
199.97
190.51
196.1
197.83
196.41
196.8
195.74
196.66
195.86
193.56
195.86
199.41
196.8
199.52
196.23
187.99
201.16
198.55
197.09
197.35
200.12
198.93
189.62
192.79
192.86
201.3
192.36
196.09
199.76
195.38
195.45
196.37
197.98
196.83
200.12
198.62
198.43
198.81
197.53
197.32
198.15
199.54
196.57
197.55
196.51
197.1
198.81
180
180
180
180
180
180
180
180
180
180
180
180
180
180
180
180
180
180
180
180
180
180
180
180
180
180
180
180
180
180