237.77
238
238.07
239.41
240.9
240.61
239.63
238.95
239.05
240.72
239.46
242.51
236.14
234.9
236.68
236.91
237.62
237.77
237.71
235.74
233.87
234.3
235.74
236.47
236.83
239.27
241.59
232.54
228.66
230.11
233.13
233.77
234.49
233.54
237.09
239.51
237.23
239.49
240.44
241.78
239.82
238.95
243.65
241.31
239.55
228.72
237.19
235.77
234.47
232.37
233.08
232.98
235.93
235.03
240.35
245.08
239.45
237.34
246.18
240
235.88
236.1
236.76
240.55
238.69
236.33
236.08
234.63
234.71
232.17
180
180
180
180
180
180
180
180
180
180
180
180
180
180
180
180
180
180
180
180
180
180
180
180
180
180
180
180
180
180