198.94
197.65
198.69
198.19
198.04
196.85
196.06
197.24
197.67
199.2
199.11
199.08
199.18
199.95
198.58
200.38
200.05
194.43
196.85
197.46
197.67
201.89
202.7
199.8
200.41
200.52
200.71
199.56
200.05
201.45
193.92
198.97
200.63
198.71
199.11
199.3
199.35
198.6
197.45
195.18
199.42
198.58
199.48
204.72
198.19
197.05
204.69
199.58
197.58
200.17
193.5
196.29
200.34
198.35
198.87
199.3
201.09
196.91
196.7
198.77
199.1
200.14
200.09
198.6
196.46
193.92
202.74
197.86
198.47
201.51
197.73
196.67
202.28
200.76
200.35
199.14
197.87
196.74
197.69
198.55
180
180
180
180
180
180
180
180
180
180
180
180
180
180
180
180
180
180
180
180