237.06
237.84
238.54
238.53
237.52
238.41
238.59
238.77
238.93
238.07
239.11
238.71
239.49
239.98
232.17
235.34
236.68
234.25
233.14
236.78
236.41
232.13
241
228.56
232.88
234.72
234.97
230.51
238.48
237.26
238.56
240.13
238.89
241.05
241.54
242.4
242.43
250.88
244.81
243.12
237.35
237.43
242.15
239.45
242.73
239.8
232.92
227.55
230.37
235.09
226.05
243.99
245.85
261
239.58
239.32
239.87
238.63
249.89
246.34
241.51
250.9
244.6
245.07
242.92
244.51
240.57
238.21
243.4
242.24
238.59
235.46
237.18
238.04
236.93
180
180
180
180
180
180
180
180
180
180
180
180
180
180
180
180
180
180
180
180
180
180
180
180
180