191.74
191.81
191.59
191.7
191.58
192.05
192.32
191.93
192.92
192.57
192.31
192.57
192.31
192.75
192.38
192.28
192.16
192.95
191.89
191.85
192.02
193.22
191.45
192.35
189.95
192.1
194.41
193.96
193.09
192.19
193.16
191.61
192.9
191.18
192.35
192.1
191.7
192.11
190.28
191.36
192.31
191.62
191.04
192.59
191.05
190.78
189.48
189.29
193.39
193.47
193.62
194.4
193.08
188.27
189.98
192.39
193.46
190.74
188.03
190.21
191.96
192.57
189.75
189.54
191.63
191.22
191.57
191.97
191.23
191.62
191.65
191.3
193.83
192.79
192.34
192.9
192.1
194.7
190.06
193.83
180
180
180
180
180
180
180
180
180
180
180
180
180
180
180
180
180
180
180
180