236.44
236.04
236.11
243.69
238.46
237.13
236.32
236.41
236.71
233.63
239.31
243.61
230.87
227.56
236.18
236.15
236.63
236.09
235.79
235.81
234.81
236.73
241.26
240.54
240.17
239.38
240.29
238.88
238.45
239.57
239.22
246.08
239.66
239.3
243.52
227.23
240.46
237.62
233.87
234.11
229.55
232.18
238.16
225.41
238.34
235.81
240.04
242.13
245.32
246.96
239.34
238.48
240.47
239.72
241.48
242.89
238.41
237.02
238.88
239.44
242.07
237.14
228.96
231.66
235.18
236.43
235.37
234.63
235.98
236.39
237.5
233.2
244.07
226.82
236.94
241.59
239.95
238.78
180
180
180
180
180
180
180
180
180
180
180
180
180
180
180
180
180
180
180
180
180
180