235.91
236.17
236.52
237.27
237.48
236.87
236.59
236.3
236.27
236.13
237.01
236.46
236.98
237.33
236.28
235.37
236.04
236.03
235.34
233.83
230.72
235.09
230.97
233.37
230.8
232.54
233.06
234.95
237.17
234.55
236.07
235.37
237.15
236.44
237.5
236.36
236.69
236.66
233.54
235.36
237.15
240.22
238.9
215.99
219.52
226.92
231.32
232.15
229.9
233.08
239.27
239.86
235.3
238.02
235.91
239.35
241.31
238.67
237.91
240.5
237.21
238.1
239.92
235.51
233.27
233.02
235.02
235.02
235.18
234.99
226.75
180
180
180
180
180
180
180
180
180
180
180
180
180
180
180
180
180
180
180
180
180
180
180
180
180
180
180
180
180