194.03
194.3
194.84
195.19
196.63
196.13
195.91
198.03
196.7
196.36
196.24
195.85
196.16
196.91
197.61
195.33
196.21
197.26
195.22
196.23
195.99
196.51
196
196.45
198.46
197.01
196.63
196.28
197.74
196.78
197.37
198.02
192.64
194.54
191.24
192.23
195.3
192.68
195.27
192.39
194.17
194.35
197.38
193.59
193.9
195.57
196.85
194.17
193.42
194.47
199.86
199.41
197.44
200.91
199.23
190.49
199.16
195.32
194.43
197.87
193.74
190.26
193.14
194.93
195.6
195.75
195.11
193.97
197.05
195.35
195.75
193.52
196.35
196.62
200.52
196.9
196.05
196.21
180
180
180
180
180
180
180
180
180
180
180
180
180
180
180
180
180
180
180
180
180
180