238.2
237.68
237.77
237.44
237.11
237.84
237.59
237.45
237.08
237.99
237.35
236.94
237.36
238.18
238.14
237.26
236.68
236.25
236.81
238.11
237.44
231.96
234.82
234.41
236.96
236.36
234.87
231.59
230.42
232.04
232.3
233.43
234.49
237.79
236.64
237.29
237.55
236.63
238.13
236.98
235.7
235.41
234.93
233.86
237.36
239.52
227.14
233.97
229.96
228.93
229.55
231.37
237.67
236.84
235.53
236.98
225.89
250.54
239.85
241.11
239.64
237.16
238.35
238.11
239.05
238.72
240.23
235.41
235.87
235.38
230.45
234.26
235.28
235.18
235.5
233.76
180
180
180
180
180
180
180
180
180
180
180
180
180
180
180
180
180
180
180
180
180
180
180
180