261.82
263.81
263.27
261.41
263.12
262.62
265.45
265.39
263.48
265.9
254.4
260.82
260.75
262.44
269.19
269.57
257.67
256.36
293.08
264.89
248.25
268.28
265.51
259.89
266.95
268.26
265.6
266.39
271.16
275.88
282.58
268.11
281.42
273.97
243.48
271.43
268.56
260.46
260.17
267.24
270.92
280.81
271.04
267.6
271.91
265.62
269.6
267.6
263.49
279.65
271.07
280.21
267.36
269.54
266.9
261.29
265.52
280.51
258.42
247.14
249.48
277.28
271.69
255.47
267.25
270.92
267.4
265.99
265.89
263.68
284.6
253.56
257.82
260.42
263.02
262.87
263.91
256
180
180
180
180
180
180
180
180
180
180
180
180
180
180
180
180
180
180
180
180
180
180