261.63
262.21
261.67
262.46
262.79
265.58
268.21
262.69
261.87
267.24
269.15
263.37
281.79
274.29
275.95
269.41
272.74
257.82
262.71
264.02
264.22
274.49
274.44
270.3
268.62
287.31
278.02
271.79
286.04
277.62
251.48
285.19
255.27
279.53
281.07
268.6
275.25
279.68
275.65
274.15
280.38
277.41
274.67
271.69
278.03
265.14
279.07
283.92
262.68
258.1
286.06
264.41
269.85
258.82
251.37
282.27
265.9
257.96
260.85
261.94
264.64
252.79
265.82
256.33
261.4
265.79
256.32
248.87
293.59
254.57
257.45
261.11
263.32
260.44
180
180
180
180
180
180
180
180
180
180
180
180
180
180
180
180
180
180
180
180
180
180
180
180
180
180