216.52
215.78
214.98
214.37
213.4
213.06
222.43
219.25
218.07
214.41
214.48
218.34
211.7
204.52
223.57
220.49
223.34
220.01
219.77
218.25
219.84
210.59
214.46
217.13
222.8
214.41
209.8
215.35
224.71
210.98
221.65
221.61
214.81
211.68
204.25
211.95
207.47
214.09
206.85
220.02
222.08
223.16
223.96
217.94
214.13
209.95
201.05
205.08
217.04
221.87
204.62
222.42
210.08
225.63
231.15
209.73
217.09
218.73
221.4
208.24
219.88
222.58
214.18
223.17
214.06
214.74
218.56
221.53
217.21
216.32
216.77
215.76
217.8
217.19
180
180
180
180
180
180
180
180
180
180
180
180
180
180
180
180
180
180
180
180
180
180
180
180
180
180