258.48
260.58
260.48
259.51
259.98
262.07
261.58
263.53
261.84
263.1
259.35
265.47
275.91
254.17
244.55
267.18
254.85
263.66
284.28
250.46
265
271.05
258.4
261.8
261.45
258.68
269.44
263.83
263.74
268.36
261.57
261.95
276.46
273.97
271.83
265.41
260.33
265.44
286.57
262.93
262.22
278.6
276.59
261.15
271.53
282.7
261.86
265.19
249.71
271.29
264.52
277.39
277.19
251.44
264.9
277.79
258.19
269.87
254.99
263.35
246.73
251.47
250.38
271.31
273.25
273.53
253.7
260.36
269.66
261.69
281.91
267.68
277.74
263.37
245.91
260.16
180
180
180
180
180
180
180
180
180
180
180
180
180
180
180
180
180
180
180
180
180
180
180
180