261.27
261.42
262.7
261.7
261.67
262.49
261.89
262.41
261.75
262.02
260.4
262.94
259.43
262.78
264.57
263.22
264.43
263.69
254.55
261.2
255.34
268.73
269.86
269.84
272.79
265.09
272.46
265.89
257.84
265.45
266.41
270.05
265.41
271.61
266.77
265.5
263.67
277.82
258.16
264.38
267.68
268.96
269.4
274.75
255.48
272.66
270.7
260.27
259.71
270.06
276.92
283.71
301.74
270.91
260.42
272.82
276.57
248.44
276.37
264.23
242.52
286.06
279.02
280.52
263.4
257.54
288.49
264.5
274.33
245.77
265.34
270.48
270.22
261.88
268.04
260.67
272.67
264.85
266.71
266.74
256.92
267.62
277.47
180
180
180
180
180
180
180
180
180
180
180
180
180
180
180
180
180