270.08
268.69
267.35
267.39
266.69
268.41
268.82
268.72
269.8
268.63
267.58
267.33
268.96
269.51
268.73
268.9
267
267.43
269.83
286.93
257.93
277.61
271.39
259.06
259.81
278.89
265.24
261.68
275.63
268.83
269.59
276.38
259.09
268.54
267.17
269.38
269.93
253.8
247.38
271.95
267.07
273.81
279.99
270.95
276.51
268.59
256.79
257.58
250.55
265.68
279.28
274.83
257.61
281.4
271.4
273.04
265.41
269.26
268.64
267.02
269.61
286.46
275.72
272.35
275.91
271.09
275.3
269.98
266.19
268.7
264.12
264.99
267.22
266.18
180
180
180
180
180
180
180
180
180
180
180
180
180
180
180
180
180
180
180
180
180
180
180
180
180
180