266.15
266.43
264.46
264.9
265.28
265.88
266.55
266.02
265.77
264.47
265.68
266.06
264.99
265.76
264.89
264.66
265.14
266.72
269.98
269.62
262.05
267.94
285.91
268.93
255.66
267.23
268
274.3
262.73
257.06
272.12
263.86
268.08
269.18
253.25
267.91
261.57
268.16
264.91
269.17
266.38
265.86
284.95
253.77
263.02
285.48
286.08
274.51
246.99
256.59
259.68
266.97
261.33
273.08
284.14
268.26
246.14
265.43
268.21
271.41
268.32
268.98
268.96
263.87
266.94
276.5
263.86
266.68
264.74
265.97
180
180
180
180
180
180
180
180
180
180
180
180
180
180
180
180
180
180
180
180
180
180
180
180
180
180
180
180
180
180