209.58
210.79
211.18
211.6
210.66
211.94
210.79
211.08
212.18
211.26
212.51
211.95
211.05
211.47
212.6
211.82
210.68
217.07
212.76
212.19
210.68
215.38
222.67
214.02
214.74
213.62
213.58
212.17
212.86
216.41
212.57
210.75
212.96
214.48
210.72
212.79
210.85
210.17
212.55
212.2
211.84
213.21
204.8
212.09
214.73
216.55
214.75
215.87
210.4
208.14
217.86
213.99
207.13
216.24
211.13
209.51
207.93
213.5
208.95
217.51
215.34
204.32
208.28
213.64
213.15
211.79
209.36
212.45
208.82
209.99
215.58
213.12
212.9
215.87
214.74
213.39
209.49
206.05
203.74
180
180
180
180
180
180
180
180
180
180
180
180
180
180
180
180
180
180
180
180
180