209.38
210.23
209.64
210.54
210.45
210.92
211.51
211.79
211.34
211.33
211.54
210.35
211.3
211.79
210.84
210.4
210.68
213.23
214.15
215.53
211.59
210.91
214.59
212.13
214.45
213.03
209.55
216.51
212.77
217.97
213.99
214.12
216.5
219.47
214.28
208.67
210.9
211.09
208.85
210.05
215.93
210.83
210.26
207.89
216.47
205.66
220.58
217.38
216.65
214.75
215.82
224.03
219.36
210.27
212.53
216.53
211.7
210.62
215.56
213.29
210.8
208.13
210.45
212.01
211.3
215.79
213.97
213.95
208.92
216.78
211.33
212.65
215.78
212.05
211.46
214.18
211.79
210.01
209.35
180
180
180
180
180
180
180
180
180
180
180
180
180
180
180
180
180
180
180
180
180