214.68
216.54
217.44
215.42
216.62
215.28
216.07
215.58
215.93
212.64
212.27
213.28
217.55
215.53
215.65
215.4
209.45
213.67
209.78
228.11
216.46
207.79
220.6
210.29
220.15
221.85
220.98
210.75
208.11
220.56
210.95
207.65
210.44
200.98
213.38
211.09
217.79
208.8
217.66
214.05
214.28
215.9
216.42
213.19
230.47
216.04
207.83
211.2
224.26
210
211.84
204.61
208.08
220.96
213.36
218.28
216.47
224.06
207.86
225.21
214.48
212.45
180
180
180
180
180
180
180
180
180
180
180
180
180
180
180
180
180
180
180
180
180
180
180
180
180
180
180
180
180
180
180
180
180
180
180
180
180
180