265.05
265.08
266.74
264.57
264.77
265.6
264.72
264.3
264.91
264.63
264.46
263.93
265.65
264.14
263.78
265.7
265.11
265.91
263.22
261.65
261.93
263.16
260.24
260.19
264.31
265.11
267.4
267.86
271.85
266.07
264.58
270.98
259.23
274.66
253.59
262.36
264.75
260.38
271.29
255.19
259.06
269.87
264.16
263.55
271.44
263.03
267.93
250.16
266.09
279.15
277.54
289.75
255.02
267.68
258.27
263.34
260.62
266.86
274.11
267.41
269.82
261.57
252.17
278.96
275.81
258.22
261.87
276.54
280.4
235.24
266.82
271.49
276.15
265.78
260.45
261.77
259.97
265.01
265.52
263.45
258.45
267.61
263.88
255.93
262.77
258.96
258.86
272.82
263.62
263.86
180
180
180
180
180
180
180
180
180
180