210.27
210.74
211.71
210.35
210.56
209.9
210.11
209.81
210.5
211.13
211.36
210.7
209.6
208.79
206.27
207.51
209.85
210.04
207.08
207.33
208.01
205.2
209.29
205.71
207.93
207.3
207.73
208.32
208.54
213.77
209.86
208.92
211.42
211.34
209.78
210.57
210.38
212.08
212.3
214.51
213.2
210.07
213.27
211.45
212.57
211.87
212.57
212.12
213.52
212.24
214.02
221.36
216.82
220.05
214.2
211.32
208.23
204.3
209.49
208.44
205.95
211.17
219.61
218.45
203.34
214.73
210.16
205.62
214.48
206.55
211.81
212.12
209.88
211.87
209.5
207.17
207.09
209.73
215.48
211.13
210.35
212.51
211.7
211.76
211.52
180
180
180
180
180
180
180
180
180
180
180
180
180
180
180