181.41
180.73
180.36
181.63
182.61
181.41
182.25
182.22
182.9
183.19
183.97
179.33
183.59
184.87
179.06
183.01
181.04
184.46
183.42
187.21
183.46
182.41
182.11
181.93
182.41
182.97
187.86
184.01
183.23
185.96
180.56
181
181.47
185.66
181.07
184.5
188.08
182.23
185.74
186.43
184.96
186.31
185.01
185.43
184.94
183.24
183.2
182.26
182.29
185.95
185.32
183.48
182.16
183.51
184.33
185.9
181.68
180.54
182.48
181.24
182.87
186.37
186.1
182.76
183.53
183.51
183.1
185.87
182.46
185.26
180
180
180
180
180
180
180
180
180
180
180
180
180
180
180
180
180
180
180
180
180
180
180
180
180
180
180
180
180
180