181.38
182.7
180.29
180.62
182.57
182.25
183.5
182.68
181.91
182.79
181.58
182.82
183.54
183.3
182.21
183.98
182.3
180.63
187.16
187.05
186.41
180.53
181.96
182.29
182.07
182.18
180.8
182.36
182.75
181.92
184.75
182.6
182.67
176.95
189.11
181.11
177.57
182.25
182.19
187.14
183.25
182.75
185.45
189.25
188
187.91
185.82
189.76
184.59
183.9
186.86
188
183.55
182.06
182.8
183.71
183.71
183.11
183.84
182.76
180.12
184.47
184.76
180.53
183.56
183.48
183.75
178.34
188.7
179.89
184
188.37
186.88
180.15
185.68
184.75
180
180
180
180
180
180
180
180
180
180
180
180
180
180
180
180
180
180
180
180
180
180
180
180