183.02
182.18
181.5
182.62
182.8
183.02
183.63
182.38
182.03
184.55
184.46
182.97
188.34
183.38
182.43
182.34
186.5
185.97
186.68
182.61
186.79
182.42
184.39
184
182.52
183.1
183.38
182.24
182.25
183.73
183.54
182.03
181.42
182.89
186.2
185.67
183.42
186.54
185.29
186.55
184.08
184.44
182.75
185.83
189.73
189.96
183.51
186.93
186.64
188.53
185.15
184.83
184.84
183.28
182.65
182.38
191.81
186.23
187.59
184.74
184.58
184.78
184.5
183.27
185.31
181.38
181.02
186.84
186.62
182.21
185.41
185.92
184.81
180
180
180
180
180
180
180
180
180
180
180
180
180
180
180
180
180
180
180
180
180
180
180
180
180
180
180