183.95
182.34
182.56
180.29
178.81
176.06
174.46
177.96
176.27
178.06
180.05
181.76
183.33
185.69
183.12
181.18
179.23
181.55
181.71
181.03
181.45
180.84
181.83
182.37
182.46
182.47
182.55
180.72
179.82
185.76
182.12
184.7
182.53
186.87
183.69
185.75
184.12
182.04
183.49
182.36
179.96
180.54
181.69
181.97
182.31
181.77
178.72
175.27
182.07
185.03
187.92
183.6
188.31
184.86
183.88
184.28
184.16
186.66
185.74
190.54
182.22
182.79
181.39
185.02
184.07
186.64
184.24
186.9
179.68
181.24
180.61
183.19
185.69
180.76
187.63
180.94
182.61
184.82
182.39
182.56
182.12
185.29
180
180
180
180
180
180
180
180
180
180
180
180
180
180
180
180
180
180