180.66
180.58
181.29
181.54
182.11
181.44
183.81
182.83
182.15
181.53
182.06
181.82
180.73
180.63
182
185.05
185.01
182.12
183.92
181.74
183.92
182.97
185.87
185.31
185
183.18
184.52
181.82
182.68
182.29
183.78
183.59
185.98
184.31
183.02
185.79
182.24
187.81
184.38
186.42
188.86
185.89
187.35
187.27
185.04
187.74
180
183.7
185.33
184.19
184.45
182.83
182.81
185.48
185.82
181.87
183.78
185.46
185.96
181.24
182.79
183.34
184.35
182.57
183.7
187.56
180
180
180
180
180
180
180
180
180
180
180
180
180
180
180
180
180
180
180
180
180
180
180
180
180
180
180
180
180
180
180
180
180
180