210.47
210.44
209.39
209.07
207.48
208.62
206.23
205.72
208.33
210.89
209.61
206.39
206.45
208.12
212.51
208.88
206.15
203.98
205.98
209.85
209.28
207.74
206.63
207.99
212.92
212.92
211.86
209.38
209.75
212.34
215.1
211.58
212.09
215.1
210.17
215.89
215.73
210.77
212.9
215.9
216.28
217.69
209.68
203.74
208.69
213.3
210.25
207.29
206.5
220.06
212.8
209.4
208.25
208.19
212.45
215.66
211.63
210.12
206.65
206.48
211.26
219.42
212.54
208.56
210.56
210.84
209.31
210.58
202.81
211.62
207.13
212
201.83
207.15
209.3
210.86
205.71
205.46
180
180
180
180
180
180
180
180
180
180
180
180
180
180
180
180
180
180
180
180
180
180