207.4
207.85
205.94
204.16
205.03
206.12
206.87
205.63
205.46
205.07
204.2
203.01
205.37
204.96
205.75
203.93
203.05
202.61
204.82
203.39
203.94
200.03
198.4
202.92
200.27
198.91
203.28
201.57
202.84
204.14
204.4
206.44
203.86
208.4
206.04
204.39
207.65
208.8
209.8
206.57
207.81
208.38
209.77
208.68
203.67
207.2
205.66
201.18
198.91
201.1
203.1
204.28
205.12
208.49
205.59
204.13
203.18
205.67
206.19
205.1
209.61
203.41
205.53
203.29
202.83
203.58
202.26
203.01
202.78
205.35
199.75
198.89
200.2
202.23
201.97
201.26
201.87
204.49
180
180
180
180
180
180
180
180
180
180
180
180
180
180
180
180
180
180
180
180
180
180