201.99
202.24
203.87
203.07
202.8
202.07
202.56
203.43
203.47
203.38
201.95
202.18
202.87
203.2
203.33
204.21
200.59
198.27
201.28
200.88
201.45
201.94
199.83
200.72
200.64
200.95
197.94
202.07
199.86
197.64
198.83
199.63
198.57
200.74
202.71
202.29
201.79
202.53
202.59
204.25
205.55
205.64
202.79
204
204.02
204.59
205.33
204.78
205.36
203.29
204.43
207.06
202.61
197.12
199.34
201.74
200.89
201.48
201.14
203.64
204.57
202
201.35
204.61
201.12
201.97
203.43
203.63
207.72
199.34
201.17
201.06
201.08
203.51
196.83
198.57
200.92
204.77
209.87
212.26
180
180
180
180
180
180
180
180
180
180
180
180
180
180
180
180
180
180
180
180