222.36
221.78
221.35
223.73
223.46
223.56
223.16
222.5
223.24
222.87
223.34
224.59
224.84
223.35
225.73
222.53
221.63
222.51
226.27
226.5
229.99
219.02
222.78
227.79
225.42
227.26
224.66
225.95
220.37
222.12
224.01
224.19
222.94
223.59
222.96
222.56
222.38
222.12
222.42
221
222.27
224.5
222.14
224.14
224.58
219.97
220.71
218.38
218.6
220.84
227.37
228.89
237.28
227.26
226.32
233.79
229.85
225.98
224.82
223.65
217.81
223.95
224.41
222.12
220.65
220.54
225.32
228.75
223.11
223.71
221.45
222.97
222.15
221.48
226.43
219.54
226.5
224.37
226.25
230.48
227.05
224.26
222.89
180
180
180
180
180
180
180
180
180
180
180
180
180
180
180
180
180