221.42
224.25
222.24
222.88
223.64
223.33
226.88
222.5
224.24
225.67
225.46
221.78
222.9
222.1
227.62
224.94
225.27
223.54
224.68
225.42
229.57
227.73
226.22
224.18
218.58
216.55
219.99
221.6
222.72
223.17
222.64
224.73
220.58
219.6
218.44
223.98
222.19
223.16
223.04
226.68
227.75
226.85
227.13
229.57
230.02
223.49
218.3
223.54
222.62
215.34
223.4
223.82
221
221.31
220.73
225.8
223.13
222.45
226.32
226.56
226.09
218.93
220.95
225.49
230.29
227.5
227.51
222.06
224
226.55
180
180
180
180
180
180
180
180
180
180
180
180
180
180
180
180
180
180
180
180
180
180
180
180
180
180
180
180
180
180