239
238.02
239.86
238.64
238.83
237.97
237.99
238.17
241.36
239.32
237.69
237.68
239.33
239.13
240.18
238.29
238.99
236.46
238.55
237.95
238.31
239.39
238.52
238.57
235.64
238.15
239.96
241.59
236.31
239.25
233.65
238.36
234.18
235.48
237.48
238.12
237.52
239.14
232.99
242.23
243.92
241.56
240.44
242.98
239.79
237.37
243.17
246.12
241.49
231.69
238.56
237.29
237.46
234.14
232.35
236.39
235.87
234.99
234.5
242.06
236.42
242.42
240.28
245.01
239.96
242
239.08
251.53
240.15
237.8
236.98
239.76
241.94
245.79
236.27
227.17
232.31
235.83
239.01
244.19
180
180
180
180
180
180
180
180
180
180
180
180
180
180
180
180
180
180
180
180