217.61
217.8
220.29
221.28
221.85
221.89
220.42
220.12
221.17
221.38
221.6
220.69
221.17
220.73
221.54
222.04
220.72
219.96
220.17
222.13
222.59
221.22
226.54
229.24
225.82
225.25
225.67
222.55
223.07
223.19
222.57
221.18
222.11
222.43
222.98
221.39
219.71
220.03
220.32
222.68
224.85
227.09
228.17
223.52
222.62
223.67
221.24
223.78
225.82
225.13
218.47
221.88
221.27
224.96
221.53
224.48
225.3
223.51
220.92
224.62
221.28
220.17
225.79
225.94
227.89
223.5
226.61
223.38
221.32
221.59
180
180
180
180
180
180
180
180
180
180
180
180
180
180
180
180
180
180
180
180
180
180
180
180
180
180
180
180
180
180