250.01
250.69
250.24
250.72
250.07
251.91
250.92
250.67
249.78
251.13
251.75
251.11
250.74
251.07
251.23
251.85
252.67
251.2
257.1
250.7
250.22
253.4
247
251.42
256.74
248.11
243.55
250.8
249.13
248.12
248.32
251.19
255.71
253.63
257.13
253.35
253.16
255.43
253.08
254.73
253.32
252
255.59
253.93
256.48
257.53
251.42
247.08
245.69
238.89
254.35
252.22
248.08
253
251.04
253.63
256.53
253.64
259.31
259.02
255.13
248.32
252.44
252.15
252.32
256.8
256.42
256.06
256.3
252.9
249.5
252.73
250.38
246.58
250.23
253.57
251.63
250.01
255.36
252.78
249.35
242.84
238.41
248.34
180
180
180
180
180
180
180
180
180
180
180
180
180
180
180
180