219.46
219.09
218.92
219.99
219.64
220.34
220.25
220.52
220.18
221.69
222.2
222.36
221.19
221.5
221.98
220.79
221.54
222.32
221.19
220.99
221.71
225.64
223.63
222.31
221.7
221.1
224.81
227.51
227.96
226.76
225.35
224.01
224.36
222.37
219.47
220.06
220.71
222.1
221.98
220.69
219.57
220.09
220.9
218.21
219.82
220.61
229.07
227.23
225.09
226.69
224.47
226.36
221.51
220.19
223.86
222.27
222.66
220.13
222.47
216.88
219.91
222.71
222.7
222.97
220.35
220.99
222.58
221.14
225.45
225.59
224.5
224.28
223.3
223.74
222.71
222.59
180
180
180
180
180
180
180
180
180
180
180
180
180
180
180
180
180
180
180
180
180
180
180
180