206.99
206.82
208.27
207.41
207.36
206.82
206.97
207.15
208.73
206.27
207.41
206.81
207.16
208.19
207.51
201.24
207.58
210.42
205.86
208.25
206.69
209.59
207.5
208.57
202.19
208.69
210.97
209.13
214.38
213.79
220.36
214.48
217.92
215.93
221.09
225.2
223.56
225.3
231.59
224.7
221.44
218.88
221.54
222.19
228.2
228.32
222.51
214.48
214.62
211.57
216.91
216.61
226.24
214.28
208.9
216.69
223.24
211.28
217.72
218.48
214.43
218.96
217.95
207.87
207.84
207.77
203.73
204.95
207.46
210.3
206.65
198.64
207.62
206.44
206.88
180
180
180
180
180
180
180
180
180
180
180
180
180
180
180
180
180
180
180
180
180
180
180
180
180