201.4
203.25
202.05
201.71
204.33
202.06
202.15
201.31
201.13
200.81
200.2
200.83
202.84
204.29
204.1
203.01
202.54
200.37
201.34
200.98
202.52
203.88
202.5
206.3
199.79
199.55
199.24
200.69
204.74
202.7
199.31
206.48
206.05
206.76
208.5
216.59
211.94
214.33
215.57
215.51
219.2
217.77
217.49
216.08
219.39
219.67
216.41
216.3
212.75
209.88
213.67
210.5
214.33
211.03
213.31
221.17
215.5
209.9
211.25
206.69
211.43
207.93
206.9
210.3
207.24
202.21
202.11
204.01
207.01
207.58
203.2
202.61
201.9
203.54
203.46
180
180
180
180
180
180
180
180
180
180
180
180
180
180
180
180
180
180
180
180
180
180
180
180
180