136.73
135.68
135.58
136.15
136.07
137.1
138.94
139.36
138.75
142.35
141.99
140.96
139.51
137.58
135.66
134.46
134.84
134.52
133.86
137.89
136.82
136.06
136.2
136.13
135.52
135.01
134.46
133.71
136.76
137.25
133.39
130.5
126.02
132.34
135.26
137.74
129.76
128.87
130.21
131.7
130.53
131.33
131.96
131.56
130.63
132.01
132.77
134.12
126.84
129.77
131.18
133.48
126.91
127.85
123.86
129.46
122.5
130.54
123.57
126.55
126.12
127.17
131.29
129.74
129.7
132.53
131.88
127.17
130.06
125.13
131.05
126.72
131.78
132.48
132.8
138.74
131.92
135.31
131.93
131.12
133.16
133.4
180
180
180
180
180
180
180
180
180
180
180
180
180
180
180
180
180
180