136.63
136.03
136.4
136.65
136.8
136.51
136.59
137.04
132.23
134.78
134.96
135.93
136.45
133.33
131.25
134.38
130.27
134.46
133.97
130.64
132
125.34
129.94
133.64
131.7
128.22
127.36
130.03
130.09
128.31
128.67
126.78
126.92
130.2
127.27
127.51
130.63
131.55
129.45
130.39
150.12
123.21
123.31
128.5
129.24
125.23
127.42
133.83
129.91
136.29
133.09
133.2
127.74
136.09
130.59
134.87
131.48
130.25
136.33
133.29
131.05
134.1
130.73
133.44
132.35
132.47
134.07
133.92
180
180
180
180
180
180
180
180
180
180
180
180
180
180
180
180
180
180
180
180
180
180
180
180
180
180
180
180
180
180
180
180