207.76
209.74
210.4
208.69
208.66
209.8
207.93
208.42
209.39
208.97
208.66
208.4
208.64
209.39
212.3
208.4
205.61
207.54
204.39
211.36
211.24
209.22
204.94
209.74
213.86
210.85
212.96
219.68
218.47
216.91
219.06
219.03
219.85
219.41
221.44
222.36
223.64
216.86
219.24
221
221.15
224.12
224.03
230.44
231.17
223.7
221.08
217.86
214.68
215.27
215.35
216.39
207.54
213.7
226.98
217.85
216.43
225.48
222.84
212.6
216.51
215.28
217.7
217.16
207.06
204.39
212.59
207.53
211.31
210.81
211.61
209.43
209.44
180
180
180
180
180
180
180
180
180
180
180
180
180
180
180
180
180
180
180
180
180
180
180
180
180
180
180