199.4
199.83
198.68
198.89
197.08
197.04
198.94
198.06
197.96
200.51
200.07
198.79
198.91
200.29
194.99
197.49
196.44
198.79
200.09
198.41
202.28
206.26
206.36
193.11
197.35
207.5
207.51
198.18
208.63
207.35
207.49
214.24
213.66
212.01
207.79
214.79
219.1
212.84
216.29
223.13
211.91
210.74
222.19
223.78
198.39
217.44
221.03
216.33
217.9
222.05
218.69
219.03
221.75
219.84
218.18
212.88
211.12
216.87
219.2
218.5
211.39
212.02
214.82
216.27
208.1
200.93
199.57
202.83
203.53
204.1
208.44
205.2
204.54
198.36
195.13
197.52
201.08
200.28
198.97
199.53
200.12
200.9
201.85
200.91
199.31
180
180
180
180
180
180
180
180
180
180
180
180
180
180
180

