168.76
169.27
170.43
171.18
170.81
171.06
170.21
170.73
170.2
170.25
170.58
170.89
170.25
170.63
170.46
170.53
170.46
169.56
169.78
170.55
170.55
171.2
170.91
170.62
170.51
170.37
169.32
171.28
170.34
168.24
168.32
170.18
168.99
169.14
168.94
169.61
168.8
169.86
163.93
166.85
166.18
166.57
166.97
165.56
168.64
167.92
168.67
169.73
170.47
170.99
170.25
168.85
171.29
171.39
170.01
171.41
171.96
171.47
171.49
171.72
173.75
171.59
171.61
171.85
171.04
171.9
170.15
170.68
172.71
172.82
171.21
171.58
172.22
172.48
171.65
170.87
171.94
172.41
171.82
171.32
171.17
171.32
171.23
171.62
172.11
180
180
180
180
180
180
180
180
180
180
180
180
180
180
180



















































































