183.05
178.22
184.3
186.66
185.69
184.91
183.17
182.87
183.48
183.28
181.89
181.87
179.94
181.09
183.33
181.86
184.86
186.65
192.85
214.72
193.85
173.04
179.07
176.69
188.27
193.77
183.79
182.93
199.62
201.72
187.33
195.88
193.8
191.58
200.72
190.07
195.44
191.81
191.9
199.1
192.71
191.67
194.12
194.15
196.49
194.99
196.62
195.12
196.16
196.66
197.23
196.66
197.41
194.92
196.07
195.31
194.45
194.7
195.93
195.99
195.16
196.07
194.73
197.89
193.7
190.23
190.63
198.06
193.88
184.52
189.79
190.59
185.9
186.78
186.21
173.82
181.07
184.99
181.23
178.85
186.09
182.57
176.92
180.3
184.44
179.48
179.83
187.3
180
180
180
180
180
180
180
180
180
180
180
180

