182.86
183.77
181.87
180.16
179.86
180.24
180.38
180.45
180.53
179.4
181.58
181.59
181.52
176
182.09
183.61
183.83
182.74
184.97
179.84
183.16
184.88
184.89
187.59
189.39
195.07
192.27
191.43
195.76
197.02
192.46
187.47
193.68
192.6
189.26
190.51
192.05
192.37
190.49
193.48
195.89
197.43
195.5
195.77
195.55
195.16
194.24
194.22
194.3
193.46
195
187.24
188.47
191.19
186.75
188.42
182.58
183.99
189.88
183.19
183.57
183.4
185.11
182.61
186.13
184.64
183.31
183.82
182.47
183.38
182.8
180
180
180
180
180
180
180
180
180
180
180
180
180
180
180
180
180
180
180
180
180
180
180
180
180
180
180
180
180
