164.77
165.37
163.5
163.98
162.98
154.76
150.33
149.56
158.2
150.26
147.8
130.59
136.92
124.52
137.38
119.16
148.61
136.01
99.14
86.19
41.73
94.58
78.77
53.69
44.65
57.12
23.5
39.54
53.63
24.08
36.02
45.84
31.14
32.44
25.77
31.59
29.26
26.44
32.48
31.02
27.79
28.54
31.39
30.75
30.12
26.52
28.83
29.02
31.42
36.67
34.72
18.74
29.22
32.17
13.03
348.64
47.84
29.51
24.16
25.54
34.8
63.17
68.72
20.8
14.65
85.37
22.37
134.9
132.2
113.86
151.27
85.21
104.75
160.4
148.41
145.94
151.64
161.62
150.68
150.5
166.19
157.57
157.39
156.21
163.26
158.46
164.05
167.61
175.67
177.51
173.53
164.81
170.51
169.51
167.85
172.58
170.75
171.23
171.03
174.46

