162.69
163.05
161.53
160.52
160.78
160.7
161.2
160.32
160.85
161.62
160.88
160.86
159.02
159.63
159.04
156.18
159.32
157.5
161.73
162.58
163.45
159.4
160.41
164.59
155.96
157.36
153.44
159.87
161.41
154.34
153.92
157.61
160.87
152.85
150.32
160.27
154.88
154.26
150.47
153.05
158.75
157.89
148.07
161.32
152.54
156.96
157.8
153.39
154.59
155.88
150.31
150.95
154.74
156.43
157.44
154.29
154.17
152.16
153.67
154.4
146.62
156.23
155.8
155.78
152.71
152.67
156.38
156.51
143.61
135.14
139.45
161.15
162.28
158.25
154.44
152.06
156.44
162.17
157.02
154.63
156.73
157.61
180
180
180
180
180
180
180
180
180
180
180
180
180
180
180
180
180
180

