190.91
195.52
191.62
193.34
190.47
193.6
192.54
192.07
193.43
191.95
191.8
192.75
194.57
192.13
193.48
192.08
200.25
186.95
183.95
188.85
188.18
185.79
260.51
163.95
162.1
183.77
168.5
162.93
167.16
174.62
174.59
151.81
171.33
152.12
148.04
153.96
146.53
161.83
144.18
90.35
115.19
112.41
63.88
38.72
75.72
66.1
98.78
63.82
81.49
92.39
128.34
159.34
138.5
124.79
154.7
170.29
169.05
168.68
183.58
177.15
142.26
177.3
183.99
183.42
179.12
177.49
200.86
197.38
193.08
184.81
192.52
180.11
183.86
190.36
194.27
191.41
191.24
190.33
191.55
190.66
190.5
189.04
180
180
180
180
180
180
180
180
180
180
180
180
180
180
180
180
180
180

