183.98
185.04
183.04
182.89
183.22
183.42
183.31
184.52
181.8
182.88
183.18
184.73
184.83
187.19
192.44
187.31
181.31
180.12
188.87
194.91
192.39
189.67
191.82
189.06
189.48
191.37
199.76
199.91
192.65
203.02
203.24
208.11
196.5
199.75
205.36
192.15
205.32
201.9
197.85
197.68
199.54
197.44
200.38
199.47
199
200.68
200.75
203.38
203.48
201.56
200.71
201.74
201.63
200.72
203.27
202.06
198.43
201.61
198
198.69
198.29
177.97
192.73
188.37
185.59
195.59
198.11
186.57
185.89
179.61
179.81
181.29
177.57
181.74
183.63
181.4
179.1
179.67
180.52
179.22
180.92
179.75
180
180
180
180
180
180
180
180
180
180
180
180
180
180
180
180
180
180

