163.63
161.78
153.61
159.67
167.33
155.31
152.36
153.54
133.24
137.21
138.18
135.8
130.38
151.11
77.01
124.77
149.99
143.13
62.86
84.8
142.83
97.56
64.61
10.91
89.05
141.19
110.03
99.77
65.09
71.14
92.02
72.16
66.75
72.81
59.02
45.68
35.29
49.47
74.98
61.47
48.04
39.89
61.76
70.25
108.62
132.02
135.49
101.58
112.59
137.58
125.34
134.61
130.44
133.7
145.82
141.29
148.07
127.55
151.37
152.2
157.92
131.74
151.06
152.86
166.68
147.75
151.63
153.28
150.33
156.03
154.34
162.25
154.53
160.49
157.92
154.66
155.65
153.23
159.46
158.94
155.34
180
180
180
180
180
180
180
180
180
180
180
180
180
180
180
180
180
180
180

