198.71
199.02
198.76
198.57
198.18
197.98
197.06
197.47
196.64
197.63
196.44
206.56
206.2
210.78
216.97
208.32
213.59
217.1
212.6
230.32
224.16
217.55
230.95
227.37
234.79
240.26
239.2
251.71
240.19
246.08
254.49
255.2
246.12
253.75
257.24
253.85
254.77
254.12
256.54
253.9
256.31
259.56
250.88
253
253.33
255.77
253.71
251.18
248.34
244.74
250.61
244.08
244.06
232.2
228.77
225.55
221.9
212.65
227.8
220.55
207.11
202.27
203.06
198.46
199.48
196.9
193.37
193.46
196.57
197.03
180
180
180
180
180
180
180
180
180
180
180
180
180
180
180
180
180
180
180
180
180
180
180
180
180
180
180
180
180
180
